Running jacobi_stencil using 1 cores
    # blocks      Repeat      OpenMP         TBB    Taskflow    speedup1    speedup2
====================================================================================================
          16           1           0           0           0        -nan        -nan
          16           5           0           0           0        -nan        -nan
          16          10           0           0           0        -nan        -nan
          16         100           5         0.2           0         inf         inf
----------------------------------------------------------------------------------------------------
         400           1           0           0           0        -nan        -nan
         400           5         0.8           0           0         inf        -nan
         400          10         2.2           1           0         inf         inf
         400         100       216.8           9           8        27.1       1.125
----------------------------------------------------------------------------------------------------
        1296           1           0           0           0        -nan        -nan
        1296           5           3           1           1           3           1
        1296          10           8           3           2           4         1.5
        1296         100      1299.8          29          27     48.1407     1.07407
----------------------------------------------------------------------------------------------------
        2704           1           1           1           0         inf         inf
        2704           5         6.4           3           3     2.13333           1
        2704          10        18.2           6           6     3.03333           1
        2704         100      3473.8          62        58.8     59.0782     1.05442
----------------------------------------------------------------------------------------------------
        4624           1         1.4           2           1         1.4           2
        4624           5        11.2           6           5        2.24         1.2
        4624          10          37        11.2          10         3.7        1.12
        4624         100      6443.2       105.2       100.2     64.3034      1.0499
----------------------------------------------------------------------------------------------------
        7056           1           3           3           2         1.5         1.5
        7056           5        19.6          10           8        2.45        1.25
        7056          10        64.2          18        15.8     4.06329     1.13924
        7056         100       10033       161.2       153.2     65.4896     1.05222
----------------------------------------------------------------------------------------------------
       10000           1         4.2         4.4           3         1.4     1.46667
       10000           5        31.8          14        11.8     2.69492     1.18644
       10000          10       105.4        25.2        22.6     4.66372     1.11504
       10000         100     14455.6       228.2       218.4     66.1886     1.04487
----------------------------------------------------------------------------------------------------
       13456           1           6           6           4         1.5         1.5
       13456           5        45.6          19          16        2.85      1.1875
       13456          10         149        34.2        30.6     4.86928     1.11765
       13456         100     19634.8       308.6       294.2     66.7396     1.04895
----------------------------------------------------------------------------------------------------
       17424           1         8.2           8           5        1.64         1.6
       17424           5        63.4          25          21     3.01905     1.19048
       17424          10       214.8          45        40.2     5.34328      1.1194
       17424         100     25650.4       399.6         383     66.9723     1.04334
----------------------------------------------------------------------------------------------------
       21904           1        10.2        10.2           7     1.45714     1.45714
       21904           5          86          32          27     3.18519     1.18519
       21904          10         293        57.6        51.6     5.67829     1.11628
       21904         100     32527.4       509.4       490.8     66.2742      1.0379
----------------------------------------------------------------------------------------------------
       26896           1        14.2          13           9     1.57778     1.44444
       26896           5       108.8        40.4        34.2     3.18129     1.18129
       26896          10         363          72        64.2     5.65421      1.1215
       26896         100     40393.4         639         619     65.2559     1.03231
----------------------------------------------------------------------------------------------------
       32400           1        17.4          16          11     1.58182     1.45455
       32400           5       136.6        48.4        41.4     3.29952     1.16908
       32400          10       463.6          88          79     5.86835     1.11392
       32400         100     48758.2       784.8       763.8     63.8363     1.02749
----------------------------------------------------------------------------------------------------
       38416           1          21          19          14         1.5     1.35714
       38416           5         168        60.2        50.2     3.34661      1.1992
       38416          10         571       108.2        96.2     5.93555     1.12474
       38416         100     58726.2       970.4       933.4     62.9164     1.03964
----------------------------------------------------------------------------------------------------
       44944           1        25.6        22.2        16.4     1.56098     1.35366
       44944           5         207          69        60.4     3.42715     1.14238
       44944          10       699.8       125.6         114      6.1386     1.10175
       44944         100     69131.8      1130.4      1112.2     62.1577     1.01636
----------------------------------------------------------------------------------------------------
       51984           1        31.8        26.2        19.4     1.63918     1.35052
       51984           5       231.4          81        70.6     3.27762     1.14731
       51984          10       771.4       147.4         133         5.8     1.10827
       51984         100     80487.8      1325.6      1303.6     61.7427     1.01688
----------------------------------------------------------------------------------------------------
       59536           1          37          31        22.6     1.63717     1.37168
       59536           5       273.2          94        82.4     3.31553     1.14078
       59536          10       912.4       170.8         157     5.81146      1.0879
       59536         100     93191.6      1549.4      1528.2     60.9813     1.01387
----------------------------------------------------------------------------------------------------
       67600           1        42.8          35        26.2     1.63359     1.33588
       67600           5       321.2         106          95     3.38105     1.11579
       67600          10      1071.8       193.4       181.2     5.91501     1.06733
       67600         100      106518      1752.8      1772.2     60.1052    0.989053
----------------------------------------------------------------------------------------------------
       76176           1        48.4          40        29.6     1.63514     1.35135
       76176           5         373       120.2       107.6     3.46654      1.1171
       76176          10      1252.4         217       205.2     6.10331      1.0575
       76176         100      121121      1969.4      2009.6     60.2712    0.979996
----------------------------------------------------------------------------------------------------
       85264           1        55.2          45        33.4     1.65269     1.34731
       85264           5       430.8       133.8       122.2     3.52537     1.09493
       85264          10      1436.8       244.2       233.8     6.14542     1.04448
       85264         100      136478      2217.4      2273.4     60.0326    0.975367
----------------------------------------------------------------------------------------------------
       94864           1        62.2          50        37.6     1.65426     1.32979
       94864           5       491.8       148.8       136.2     3.61087     1.09251
       94864          10      1629.2       270.8       261.4     6.23259     1.03596
       94864         100      152368      2476.6        2546      59.846    0.972742
----------------------------------------------------------------------------------------------------
      104976           1        74.2        55.6        41.8     1.77512     1.33014
      104976           5         523       165.2       152.6     3.42726     1.08257
      104976          10      1707.8       301.8       289.8     5.89303     1.04141
      104976         100      169452        2751      2839.6     59.6745    0.968798
----------------------------------------------------------------------------------------------------
      115600           1        82.2          62        46.2     1.77922     1.34199
      115600           5         582       183.8         168     3.46429     1.09405
      115600          10      1914.6       336.4       321.6     5.95336     1.04602
      115600         100      186279      3080.8      3158.6     58.9752    0.975369
----------------------------------------------------------------------------------------------------
      126736           1          91          68          51     1.78431     1.33333
      126736           5       650.6         201       183.8     3.53972     1.09358
      126736          10      2151.6       367.8       351.4     6.12294     1.04667
      126736         100      206640      3351.8      3456.6     59.7812    0.969681
----------------------------------------------------------------------------------------------------
      138384           1       100.6          74        55.8     1.80287     1.32616
      138384           5       733.2       221.4       201.2     3.64414      1.1004
      138384          10      2406.8       400.6       386.8     6.22234     1.03568
      138384         100      225981      3660.4      3806.6     59.3656    0.961593
----------------------------------------------------------------------------------------------------
      150544           1       109.4          81        60.4     1.81126     1.34106
      150544           5       816.2       238.8         221     3.69321     1.08054
      150544          10      2675.8       435.8       423.8     6.31383     1.02832
      150544         100      246652      3989.6      4154.2     59.3742    0.960377
----------------------------------------------------------------------------------------------------
      163216           1       120.2        87.2        65.8     1.82675     1.32523
      163216           5       904.6       260.6       239.6     3.77546     1.08765
      163216          10      2941.2       474.6       462.4     6.36073     1.02638
      163216         100      268498      4334.6      4510.8     59.5233    0.960938
----------------------------------------------------------------------------------------------------
      176400           1         132          94          71     1.85915     1.32394
      176400           5         990       281.6       263.8     3.75284     1.06748
      176400          10      3238.2       513.2       501.8     6.45317     1.02272
      176400         100      293189      4695.6        4898     59.8589    0.958677
----------------------------------------------------------------------------------------------------
      190096           1         142         102        77.2     1.83938     1.32124
      190096           5        1086       303.6       284.2     3.82125     1.06826
      190096          10        3514       553.6       547.2     6.42178      1.0117
      190096         100      317980      5062.6      5310.2     59.8811    0.953373
----------------------------------------------------------------------------------------------------
      204304           1       169.2       111.6        83.4     2.02878     1.33813
      204304           5      1125.6       335.6       305.6     3.68325     1.09817
      204304          10      3603.6       614.8       587.8     6.13066     1.04593
      204304         100      341818      5640.6      5705.8     59.9071    0.988573
----------------------------------------------------------------------------------------------------
      219024           1       180.8         118        90.2     2.00443      1.3082
      219024           5      1221.6       355.6         327     3.73578     1.08746
      219024          10        3927         645       632.6     6.20771      1.0196
      219024         100      366523      5894.8      6143.6     59.6594    0.959503
----------------------------------------------------------------------------------------------------
      234256           1         196         128        96.2     2.03742     1.33056
      234256           5      1328.4       385.4         356     3.73146     1.08258
      234256          10      4264.2       710.8       681.2     6.25984     1.04345
      234256         100      397943      6507.2      6579.2      60.485    0.989056
----------------------------------------------------------------------------------------------------
      250000           1         207         135       103.6     1.99807     1.30309
      250000           5        1432       410.4       378.8     3.78036     1.08342
      250000          10        4585       739.6       737.2     6.21948     1.00326
      250000         100      425416      6787.2      7101.4     59.9059    0.955755
----------------------------------------------------------------------------------------------------
