Running jacobi_stencil using 13 cores
    # blocks      Repeat      OpenMP         TBB    Taskflow    speedup1    speedup2
====================================================================================================
          16           1         0.4           0           1         0.4           0
          16           5           0           0         0.6           0           0
          16          10           0           0           0        -nan        -nan
          16         100         4.6           0         8.2    0.560976           0
----------------------------------------------------------------------------------------------------
         400           1           1           0         8.6    0.116279           0
         400           5           7           0          11    0.636364           0
         400          10        14.6           1           7     2.08571    0.142857
         400         100         150          11         9.2     16.3043     1.19565
----------------------------------------------------------------------------------------------------
        1296           1           4         0.2          13    0.307692   0.0153846
        1296           5          24           2         8.6      2.7907    0.232558
        1296          10          48           4           7     6.85714    0.571429
        1296         100       485.2        28.6        10.2     47.5686     2.80392
----------------------------------------------------------------------------------------------------
        2704           1          10         1.2         9.8     1.02041    0.122449
        2704           5        50.4           4         7.4     6.81081    0.540541
        2704          10         101           8           5        20.2         1.6
        2704         100        1015          54        17.6     57.6705     3.06818
----------------------------------------------------------------------------------------------------
        4624           1        16.8         3.6         9.8     1.71429    0.367347
        4624           5        86.6           8         5.2     16.6538     1.53846
        4624          10       173.8          14         2.8     62.0714           5
        4624         100      1734.2          90        21.8     79.5505     4.12844
----------------------------------------------------------------------------------------------------
        7056           1          26         4.2         8.6     3.02326    0.488372
        7056           5         133          12           2        66.5           6
        7056          10       265.8          19         3.4     78.1765     5.58824
        7056         100      2653.6       134.8          30     88.4533     4.49333
----------------------------------------------------------------------------------------------------
       10000           1        36.8         6.2         6.6     5.57576    0.939394
       10000           5         187          16           3     62.3333     5.33333
       10000          10         377        25.2           5        75.4        5.04
       10000         100      3742.6       189.2        39.6     94.5101     4.77778
----------------------------------------------------------------------------------------------------
       13456           1        50.2         8.2         4.8     10.4583     1.70833
       13456           5       253.6          20           4        63.4           5
       13456          10         504        32.4         6.8     74.1176     4.76471
       13456         100      5053.6       253.2        53.8     93.9331     4.70632
----------------------------------------------------------------------------------------------------
       17424           1          66          11           3          22     3.66667
       17424           5       328.2          25           5       65.64           5
       17424          10       657.4        40.8         8.2     80.1707     4.97561
       17424         100        6580       325.6        61.6     106.818     5.28571
----------------------------------------------------------------------------------------------------
       21904           1          82        14.2           3     27.3333     4.73333
       21904           5       412.4        30.2         6.2     66.5161     4.87097
       21904          10         818        50.4          11     74.3636     4.58182
       21904         100        8176       406.6        75.8     107.863     5.36412
----------------------------------------------------------------------------------------------------
       26896           1       102.2        16.2           4       25.55        4.05
       26896           5         504          36         7.8     64.6154     4.61538
       26896          10      1009.8        60.2        12.8     78.8906     4.70312
       26896         100     10077.6       501.8        91.8     109.778     5.46623
----------------------------------------------------------------------------------------------------
       32400           1       123.4          19           5       24.68         3.8
       32400           5       609.2        42.4          10       60.92        4.24
       32400          10      1214.6        72.4        15.6      77.859     4.64103
       32400         100     12147.8       599.4       110.2     110.234      5.4392
----------------------------------------------------------------------------------------------------
       38416           1       146.4        21.8         6.8     21.5294     3.20588
       38416           5       724.6        49.8          12     60.3833        4.15
       38416          10      1451.8        84.2        18.8     77.2234     4.47872
       38416         100     14445.4       725.8       130.4     110.778     5.56595
----------------------------------------------------------------------------------------------------
       44944           1       170.8        24.2         7.8     21.8974     3.10256
       44944           5       849.8        57.6          15     56.6533        3.84
       44944          10      1704.2        98.4        22.8     74.7456     4.31579
       44944         100     16842.4       843.2       152.4     110.514     5.53281
----------------------------------------------------------------------------------------------------
       51984           1         197        27.2         9.6     20.5208     2.83333
       51984           5       980.4        65.2        18.2     53.8681     3.58242
       51984          10      1947.8       112.6        28.4     68.5845     3.96479
       51984         100       19465       970.6       191.6     101.592     5.06576
----------------------------------------------------------------------------------------------------
       59536           1       225.2          31          12     18.7667     2.58333
       59536           5      1128.6        74.8        20.6     54.7864     3.63107
       59536          10      2254.2         130        31.8     70.8868     4.08805
       59536         100     22589.2      1128.2       216.2     104.483     5.21832
----------------------------------------------------------------------------------------------------
       67600           1       255.8          35        12.4      20.629     2.82258
       67600           5      1278.6          86          25      51.144        3.44
       67600          10      2530.2       150.2          37     68.3838     4.05946
       67600         100     25407.8        1298       245.6     103.452     5.28502
----------------------------------------------------------------------------------------------------
       76176           1       291.6        39.4        14.6     19.9726     2.69863
       76176           5      1444.2        97.2          28     51.5786     3.47143
       76176          10      2853.6       169.2          41        69.6     4.12683
       76176         100     28809.2      1464.8       276.6     104.155     5.29573
----------------------------------------------------------------------------------------------------
       85264           1       325.4        44.8        16.4     19.8415     2.73171
       85264           5      1595.8       109.6        30.8     51.8117     3.55844
       85264          10      3197.8         189        45.8      69.821     4.12664
       85264         100       31890      1640.4       307.4     103.741     5.33637
----------------------------------------------------------------------------------------------------
       94864           1       361.6          50        18.6     19.4409     2.68817
       94864           5      1797.4       121.6        35.4      50.774     3.43503
       94864          10      3573.2       211.4        50.6     70.6166     4.17787
       94864         100     35920.6      1824.2       341.4     105.216     5.34329
----------------------------------------------------------------------------------------------------
      104976           1       397.8        55.8          21     18.9429     2.65714
      104976           5        1967       134.4        38.2     51.4921     3.51832
      104976          10      3948.8       234.2        55.6     71.0216     4.21223
      104976         100     39284.2      2023.4       377.2     104.147     5.36426
----------------------------------------------------------------------------------------------------
      115600           1       442.6          61          23     19.2435     2.65217
      115600           5      2173.2       150.2          43     50.5395     3.49302
      115600          10      4362.6       260.2          62     70.3645     4.19677
      115600         100     43406.6      2230.4         416     104.343     5.36154
----------------------------------------------------------------------------------------------------
      126736           1       478.2        67.2        24.8     19.2823     2.70968
      126736           5      2391.8       163.6          47     50.8894     3.48085
      126736          10        4782       282.8        67.8      70.531     4.17109
      126736         100     47895.4      2442.8       452.2     105.916     5.40203
----------------------------------------------------------------------------------------------------
      138384           1       527.2        74.4        28.2      18.695      2.6383
      138384           5      2608.4       180.2        52.6     49.5894     3.42586
      138384          10      5226.4         310        74.8     69.8717     4.14439
      138384         100       52187        2670       496.8     105.046      5.3744
----------------------------------------------------------------------------------------------------
      150544           1       572.4          82        31.4     18.2293     2.61146
      150544           5      2846.4       195.4        58.4     48.7397     3.34589
      150544          10        5654       338.2        84.2     67.1496     4.01663
      150544         100     56319.2      2901.2       536.2     105.034     5.41067
----------------------------------------------------------------------------------------------------
      163216           1       616.4        89.2        33.8     18.2367     2.63905
      163216           5      3070.2         213        62.6     49.0447     3.40256
      163216          10      6145.4       367.8        89.8     68.4343     4.09577
      163216         100     61146.8      3154.8       581.2     105.208     5.42808
----------------------------------------------------------------------------------------------------
      176400           1         668         100        38.4     17.3958     2.60417
      176400           5      3310.4       230.8        67.8      48.826     3.40413
      176400          10      6637.2       398.8        95.2     69.7185     4.18908
      176400         100       66487      3418.8         629     105.703     5.43529
----------------------------------------------------------------------------------------------------
      190096           1       718.2       105.2        41.8     17.1818     2.51675
      190096           5      3552.8         248        72.4     49.0718     3.42541
      190096          10      7185.4       430.2       104.2     68.9578      4.1286
      190096         100     71383.6        3681       677.4     105.379     5.43401
----------------------------------------------------------------------------------------------------
      204304           1       774.2       114.4          44     17.5955         2.6
      204304           5      3828.6       265.6        77.4     49.4651     3.43152
      204304          10      7667.2       463.6       111.8     68.5796     4.14669
      204304         100     76799.6      3980.8         726     105.785      5.4832
----------------------------------------------------------------------------------------------------
      219024           1       821.8         121          48     17.1208     2.52083
      219024           5      4127.6       285.2        83.6     49.3732     3.41148
      219024          10        8196       495.4         118     69.4576     4.19831
      219024         100     82008.4      4257.4       778.6     105.328     5.46802
----------------------------------------------------------------------------------------------------
      234256           1       883.4       125.4        49.6     17.8105     2.52823
      234256           5        4404       305.6        86.6     50.8545     3.52887
      234256          10      8869.8       527.8       124.4     71.3006     4.24277
      234256         100       87836      4532.8       830.2     105.801     5.45989
----------------------------------------------------------------------------------------------------
      250000           1         949       136.6        53.6     17.7052     2.54851
      250000           5      4678.4       323.8        91.6     51.0742     3.53493
      250000          10      9386.2       563.4       133.2      70.467     4.22973
      250000         100     94758.6      4843.2       886.2     106.927     5.46513
----------------------------------------------------------------------------------------------------
