Running jacobi_stencil using 12 cores
    # blocks      Repeat      OpenMP         TBB    Taskflow    speedup1    speedup2
====================================================================================================
          16           1         0.4           0         1.8    0.222222           0
          16           5           0           0           1           0           0
          16          10           0           0         0.6           0           0
          16         100         6.6           0         5.8     1.13793           0
----------------------------------------------------------------------------------------------------
         400           1           1           0           0         inf        -nan
         400           5         6.4           0        11.6    0.551724           0
         400          10        13.2           1        12.2     1.08197   0.0819672
         400         100       135.8          11         8.6     15.7907     1.27907
----------------------------------------------------------------------------------------------------
        1296           1           4         0.2          11    0.363636   0.0181818
        1296           5          22           2         9.8      2.2449    0.204082
        1296          10        43.8           4         6.6     6.63636    0.606061
        1296         100       438.6          28         9.8     44.7551     2.85714
----------------------------------------------------------------------------------------------------
        2704           1           9         1.2        11.4    0.789474    0.105263
        2704           5        45.4           4         7.2     6.30556    0.555556
        2704          10        92.4           8           5       18.48         1.6
        2704         100       923.2        53.6        15.8     58.4304     3.39241
----------------------------------------------------------------------------------------------------
        4624           1          15         4.8         7.2     2.08333    0.666667
        4624           5        78.8           8         5.2     15.1538     1.53846
        4624          10         158          14         2.4     65.8333     5.83333
        4624         100      1571.2          89        22.4     70.1429     3.97321
----------------------------------------------------------------------------------------------------
        7056           1        23.2         4.2           7     3.31429         0.6
        7056           5       120.2        11.8           2        60.1         5.9
        7056          10       239.4        18.4         3.6        66.5     5.11111
        7056         100      2408.2         132        30.4     79.2171     4.34211
----------------------------------------------------------------------------------------------------
       10000           1        33.8         6.2         6.6     5.12121    0.939394
       10000           5         171        15.8           3          57     5.26667
       10000          10       337.8        24.4           5       67.56        4.88
       10000         100      3379.8         185        40.8     82.8382     4.53431
----------------------------------------------------------------------------------------------------
       13456           1        45.4         8.2         4.8     9.45833     1.70833
       13456           5       229.2          20           4        57.3           5
       13456          10       453.4        31.6         6.2      73.129     5.09677
       13456         100      4557.6         248        53.4     85.3483     4.64419
----------------------------------------------------------------------------------------------------
       17424           1          59        10.2           3     19.6667         3.4
       17424           5       298.2        24.4           5       59.64        4.88
       17424          10       595.6        40.4         8.4     70.9048     4.80952
       17424         100        5982       316.4        66.2     90.3625     4.77946
----------------------------------------------------------------------------------------------------
       21904           1        73.8        13.2           3        24.6         4.4
       21904           5         371        29.8           6     61.8333     4.96667
       21904          10         738        49.4        10.6     69.6226     4.66038
       21904         100      7426.2       399.4        80.8     91.9084     4.94307
----------------------------------------------------------------------------------------------------
       26896           1        92.2        16.2           4       23.05        4.05
       26896           5       457.8        35.8         8.2     55.8293     4.36585
       26896          10         911        59.8        14.2     64.1549     4.21127
       26896         100      9133.8         494        97.8     93.3926     5.05112
----------------------------------------------------------------------------------------------------
       32400           1       110.8        18.4           5       22.16        3.68
       32400           5         552        41.2        10.2     54.1176     4.03922
       32400          10      1104.8          71          16       69.05      4.4375
       32400         100     11007.8       603.6         116     94.8948     5.20345
----------------------------------------------------------------------------------------------------
       38416           1         132        21.2         6.4      20.625      3.3125
       38416           5       658.4        48.4        12.4     53.0968     3.90323
       38416          10        1315        83.8        19.8     66.4141     4.23232
       38416         100       13115       704.6       139.4     94.0818     5.05452
----------------------------------------------------------------------------------------------------
       44944           1       154.6        23.8           8      19.325       2.975
       44944           5       766.4        56.8        15.4     49.7662     3.68831
       44944          10        1527          98        24.4      62.582     4.01639
       44944         100       15352       831.2       166.6     92.1489      4.9892
----------------------------------------------------------------------------------------------------
       51984           1       180.2        26.4         9.4     19.1702     2.80851
       51984           5       894.8        64.8        18.2     49.1648     3.56044
       51984          10      1771.6       114.8        27.6     64.1884     4.15942
       51984         100     17868.2       963.8       195.6     91.3507      4.9274
----------------------------------------------------------------------------------------------------
       59536           1       205.2          30        10.6     19.3585     2.83019
       59536           5        1013        73.6        21.2      47.783      3.4717
       59536          10      2020.8       128.6        31.6     63.9494     4.06962
       59536         100     20405.8      1120.6       223.4      91.342     5.01611
----------------------------------------------------------------------------------------------------
       67600           1       235.4        33.6        12.4     18.9839     2.70968
       67600           5      1173.8          82          25      46.952        3.28
       67600          10      2332.8       143.4        36.8     63.3913     3.89674
       67600         100     23180.8      1239.4       250.2     92.6491     4.95364
----------------------------------------------------------------------------------------------------
       76176           1       261.8        38.2        14.4     18.1806     2.65278
       76176           5      1316.4        93.2        28.8     45.7083     3.23611
       76176          10      2603.8       164.8        40.2     64.7711      4.0995
       76176         100     25914.4      1428.8       280.8     92.2877     5.08832
----------------------------------------------------------------------------------------------------
       85264           1       292.6          43        15.8      18.519     2.72152
       85264           5      1459.4       106.2        31.2     46.7756     3.40385
       85264          10      2931.8       181.2        45.8     64.0131     3.95633
       85264         100     29365.2        1572         312     94.1192     5.03846
----------------------------------------------------------------------------------------------------
       94864           1       330.4        48.4        18.2     18.1538     2.65934
       94864           5      1632.2         119        36.2     45.0884     3.28729
       94864          10      3229.2       205.6        51.8     62.3398     3.96911
       94864         100       32289      1770.8       350.2     92.2016     5.05654
----------------------------------------------------------------------------------------------------
      104976           1       361.8        53.4        20.2     17.9109     2.64356
      104976           5      1784.4         130        39.2     45.5204     3.31633
      104976          10      3577.4       224.8        56.8     62.9824     3.95775
      104976         100     35745.2      1928.8       384.4     92.9896     5.01769
----------------------------------------------------------------------------------------------------
      115600           1       397.2        60.2        23.4     16.9744     2.57265
      115600           5      1973.6       144.8        42.8     46.1121     3.38318
      115600          10      3967.6       247.8          62     63.9935     3.99677
      115600         100     39764.6        2153         428     92.9079     5.03037
----------------------------------------------------------------------------------------------------
      126736           1       438.6          66        25.2     17.4048     2.61905
      126736           5      2162.6       157.8          48     45.0542      3.2875
      126736          10      4319.6       274.2          69     62.6029     3.97391
      126736         100     43036.8        2349       464.6     92.6319     5.05596
----------------------------------------------------------------------------------------------------
      138384           1       478.8        71.6          29     16.5103     2.46897
      138384           5      2359.2         174        52.8     44.6818     3.29545
      138384          10      4737.2         299          76     62.3316     3.93421
      138384         100     47209.8        2595         515     91.6695     5.03883
----------------------------------------------------------------------------------------------------
      150544           1       519.2        81.8          32      16.225     2.55625
      150544           5      2579.6       189.2        56.4     45.7376     3.35461
      150544          10      5147.4         328        82.2     62.6204     3.99027
      150544         100     51677.2        2809       553.4     93.3813     5.07589
----------------------------------------------------------------------------------------------------
      163216           1       558.8        86.6          35     15.9657     2.47429
      163216           5      2813.4       204.4        64.8     43.4167     3.15432
      163216          10      5613.4       355.4          91     61.6857     3.90549
      163216         100     55468.8      3019.2         601     92.2942     5.02363
----------------------------------------------------------------------------------------------------
      176400           1       612.2        93.8        37.8     16.1958     2.48148
      176400           5      3034.2       224.2        67.8     44.7522     3.30678
      176400          10      6020.4       383.6        97.8     61.5583     3.92229
      176400         100     60035.2      3328.2       649.8     92.3903     5.12188
----------------------------------------------------------------------------------------------------
      190096           1         660         103          41     16.0976      2.5122
      190096           5      3263.6       240.2        72.2     45.2022     3.32687
      190096          10      6512.2       414.8         105      62.021     3.95048
      190096         100     64632.4      3526.6       700.8     92.2266     5.03225
----------------------------------------------------------------------------------------------------
      204304           1       707.4       109.8        44.4     15.9324     2.47297
      204304           5      3502.2       260.4        78.2     44.7852     3.32992
      204304          10      6993.6       444.4       111.6     62.6667     3.98208
      204304         100     70072.2      3873.4       748.2     93.6544     5.17696
----------------------------------------------------------------------------------------------------
      219024           1       750.8       116.4        49.2     15.2602     2.36585
      219024           5      3723.2       279.8          84     44.3238     3.33095
      219024          10      7499.4       481.4       119.2     62.9144     4.03859
      219024         100     75108.8      4101.4         802     93.6519     5.11397
----------------------------------------------------------------------------------------------------
      234256           1         806       124.6          50       16.12       2.492
      234256           5      3986.6         298        88.4     45.0973     3.37104
      234256          10      8030.2       505.2       126.6     63.4297     3.99052
      234256         100     80088.4        4372       858.8     93.2562     5.09082
----------------------------------------------------------------------------------------------------
      250000           1       860.2       131.2        54.4     15.8125     2.41176
      250000           5      4244.8       313.2        93.6     45.3504     3.34615
      250000          10      8585.2       539.8       133.6     64.2605     4.04042
      250000         100     85410.4      4672.6       916.2     93.2224     5.09998
----------------------------------------------------------------------------------------------------
