Running jacobi_stencil using 2 cores
    # blocks      Repeat      OpenMP         TBB    Taskflow    speedup1    speedup2
====================================================================================================
          16           1           0           0           0        -nan        -nan
          16           5           0           0           0        -nan        -nan
          16          10           0           0         2.6           0           0
          16         100           5         0.4         5.2    0.961538   0.0769231
----------------------------------------------------------------------------------------------------
         400           1           0           0           0        -nan        -nan
         400           5         1.6         0.4         1.2     1.33333    0.333333
         400          10           3           1         2.8     1.07143    0.357143
         400         100        44.4           9         7.8     5.69231     1.15385
----------------------------------------------------------------------------------------------------
        1296           1           1           0           0         inf        -nan
        1296           5         8.4         1.4         2.6     3.23077    0.538462
        1296          10        11.2           3         4.2     2.66667    0.714286
        1296         100       127.4          29        20.8       6.125     1.39423
----------------------------------------------------------------------------------------------------
        2704           1           2           1         3.4    0.588235    0.294118
        2704           5        11.2         3.6         3.8     2.94737    0.947368
        2704          10        24.2           7         5.4     4.48148      1.2963
        2704         100       239.4        60.4        42.2     5.67299     1.43128
----------------------------------------------------------------------------------------------------
        4624           1           4           2         1.2     3.33333     1.66667
        4624           5        20.8           6           5        4.16         1.2
        4624          10          41        11.8         7.6     5.39474     1.55263
        4624         100         393        89.6          69     5.69565     1.29855
----------------------------------------------------------------------------------------------------
        7056           1         6.8         3.2           2         3.4         1.6
        7056           5        31.6          10         6.6     4.78788     1.51515
        7056          10          63          17        10.6      5.9434     1.60377
        7056         100       604.6       135.8       103.8     5.82466     1.30829
----------------------------------------------------------------------------------------------------
       10000           1           9           5         4.6     1.95652     1.08696
       10000           5        44.6          14           8       5.575        1.75
       10000          10        89.6        22.6          15     5.97333     1.50667
       10000         100       882.4       185.4         145     6.08552     1.27862
----------------------------------------------------------------------------------------------------
       13456           1          12         6.4           4           3         1.6
       13456           5        62.6          18        10.6     5.90566     1.69811
       13456          10       123.6        29.8          20        6.18        1.49
       13456         100      1192.4       237.2       194.6     6.12744     1.21891
----------------------------------------------------------------------------------------------------
       17424           1        16.2         9.2         7.2        2.25     1.27778
       17424           5        80.4        22.2          14     5.74286     1.58571
       17424          10       159.4        37.8        26.8     5.94776     1.41045
       17424         100      1607.8       305.8       251.4     6.39539     1.21639
----------------------------------------------------------------------------------------------------
       21904           1        19.6        11.4           5        3.92        2.28
       21904           5        99.4        27.4          18     5.52222     1.52222
       21904          10         199        45.2        34.4     5.78488     1.31395
       21904         100      1995.4       388.6         318     6.27484     1.22201
----------------------------------------------------------------------------------------------------
       26896           1          24        14.2           7     3.42857     2.02857
       26896           5       120.6        32.4        22.8     5.28947     1.42105
       26896          10       241.4        56.4        42.8     5.64019     1.31776
       26896         100        2401       473.4       395.8      6.0662     1.19606
----------------------------------------------------------------------------------------------------
       32400           1        28.2        16.2           9     3.13333         1.8
       32400           5       142.4        39.6        28.2     5.04965     1.40426
       32400          10       284.8        67.4        52.6     5.41445     1.28137
       32400         100      2855.6       567.6         482     5.92448     1.17759
----------------------------------------------------------------------------------------------------
       38416           1        33.4        18.4        10.8     3.09259      1.7037
       38416           5       166.8        45.4        34.6     4.82081     1.31214
       38416          10       335.8        79.6          64     5.24688     1.24375
       38416         100      3355.2       692.4       580.2     5.78283     1.19338
----------------------------------------------------------------------------------------------------
       44944           1          39        21.2        12.8     3.04688     1.65625
       44944           5       193.4        53.6        40.6     4.76355      1.3202
       44944          10       387.6        93.8        74.4     5.20968     1.26075
       44944         100        3893       806.4       686.8     5.66832     1.17414
----------------------------------------------------------------------------------------------------
       51984           1        44.8        23.6          15     2.98667     1.57333
       51984           5       223.8        60.8          47      4.7617     1.29362
       51984          10         446       107.2        86.6     5.15012     1.23788
       51984         100      4486.8       924.2         797     5.62961      1.1596
----------------------------------------------------------------------------------------------------
       59536           1        51.4        26.8        17.6     2.92045     1.52273
       59536           5       254.4        68.4        54.4     4.67647     1.25735
       59536          10         505       121.8        99.8     5.06012     1.22044
       59536         100        5115      1068.2       920.4     5.55737     1.16058
----------------------------------------------------------------------------------------------------
       67600           1        57.6        30.6        20.8     2.76923     1.47115
       67600           5       286.2        77.6        62.2     4.60129     1.24759
       67600          10       581.6       134.4       114.6     5.07504     1.17277
       67600         100      5771.2      1175.6      1052.6      5.4828     1.11685
----------------------------------------------------------------------------------------------------
       76176           1        64.4        34.6        23.6     2.72881      1.4661
       76176           5       323.8          87        70.6      4.5864     1.23229
       76176          10       646.2       152.6       129.2     5.00155     1.18111
       76176         100        6507      1335.2      1182.8     5.50135     1.12885
----------------------------------------------------------------------------------------------------
       85264           1        72.2          39          26     2.77692         1.5
       85264           5       360.8          97        79.4     4.54408     1.22166
       85264          10       729.6       170.8       144.8     5.03867     1.17956
       85264         100      7294.6      1482.6      1323.6     5.51118     1.12013
----------------------------------------------------------------------------------------------------
       94864           1        80.6        43.2        29.8      2.7047     1.44966
       94864           5       406.4       109.4        88.2     4.60771     1.24036
       94864          10       811.6       188.8       161.2     5.03474     1.17122
       94864         100      8146.4      1632.8      1476.2     5.51849     1.10608
----------------------------------------------------------------------------------------------------
      104976           1        88.4        48.4          33     2.67879     1.46667
      104976           5         444       120.6        97.4     4.55852     1.23819
      104976          10       887.4       210.2       178.8     4.96309     1.17562
      104976         100      8944.8      1827.6      1637.8     5.46147     1.11589
----------------------------------------------------------------------------------------------------
      115600           1        98.6          53        37.4     2.63636     1.41711
      115600           5       492.8       134.4       110.2     4.47187      1.2196
      115600          10       988.4       233.6       197.4     5.00709     1.18338
      115600         100        9842      2030.6      1811.6     5.43277     1.12089
----------------------------------------------------------------------------------------------------
      126736           1       105.4        59.4        41.2     2.55825     1.44175
      126736           5       537.6       145.2       119.8     4.48748     1.21202
      126736          10      1072.2       253.2       217.4     4.93192     1.16467
      126736         100     10692.8      2209.2      1977.6     5.40696     1.11711
----------------------------------------------------------------------------------------------------
      138384           1       115.6        64.8        45.2     2.55752     1.43363
      138384           5       583.2       160.4       130.8     4.45872      1.2263
      138384          10        1169       281.6       237.4     4.92418     1.18618
      138384         100     11748.4      2405.6      2173.2     5.40604     1.10694
----------------------------------------------------------------------------------------------------
      150544           1       126.6          70        50.2     2.52191     1.39442
      150544           5       636.6       173.6       143.2     4.44553     1.21229
      150544          10      1273.4       302.6       260.4     4.89017     1.16206
      150544         100     12758.2      2623.6      2359.6     5.40693     1.11188
----------------------------------------------------------------------------------------------------
      163216           1       138.6        77.6        53.2     2.60526     1.45865
      163216           5       679.8         190       154.6     4.39715     1.22898
      163216          10      1372.4       325.6       281.6     4.87358     1.15625
      163216         100     13774.8        2863      2554.6     5.39216     1.12072
----------------------------------------------------------------------------------------------------
      176400           1         150        82.8        58.2     2.57732     1.42268
      176400           5       736.2       200.6       167.4     4.39785     1.19833
      176400          10      1483.8       349.6       303.8     4.88413     1.15076
      176400         100     14975.2      3116.2        2762     5.42187     1.12824
----------------------------------------------------------------------------------------------------
      190096           1         161        89.4        63.2     2.54747     1.41456
      190096           5       800.2       216.8       181.6     4.40639     1.19383
      190096          10        1603       379.8       329.4     4.86642     1.15301
      190096         100     16210.6      3310.8      2990.6     5.42052     1.10707
----------------------------------------------------------------------------------------------------
      204304           1       174.6        96.8        69.2     2.52312     1.39884
      204304           5       863.8       238.6       195.6     4.41616     1.21984
      204304          10        1720         414       352.8     4.87528     1.17347
      204304         100       17244      3624.2      3204.4     5.38135     1.13101
----------------------------------------------------------------------------------------------------
      219024           1       182.2         103        73.2     2.48907      1.4071
      219024           5       905.4         251         209     4.33206     1.20096
      219024          10      1817.6         441       377.4     4.81611     1.16852
      219024         100     18406.8        3860      3441.4     5.34864     1.12164
----------------------------------------------------------------------------------------------------
      234256           1       197.8       111.2          78      2.5359     1.42564
      234256           5       982.6       275.4       224.4     4.37879     1.22727
      234256          10      1975.4         479         405     4.87753     1.18272
      234256         100       19750      4169.4        3685     5.35957     1.13145
----------------------------------------------------------------------------------------------------
      250000           1       209.6       118.4        82.8      2.5314     1.42995
      250000           5        1050       292.2       237.2     4.42664     1.23187
      250000          10      2077.8       505.8       433.8     4.78976     1.16598
      250000         100     20964.4      4425.2      3954.2     5.30181     1.11911
----------------------------------------------------------------------------------------------------
