Running jacobi_stencil using 9 cores
    # blocks      Repeat      OpenMP         TBB    Taskflow    speedup1    speedup2
====================================================================================================
          16           1           0           0           0        -nan        -nan
          16           5           0           0           0        -nan        -nan
          16          10           0           0         0.4           0           0
          16         100         3.6         0.2         4.8        0.75   0.0416667
----------------------------------------------------------------------------------------------------
         400           1           1           0         0.8        1.25           0
         400           5           5           0        10.2    0.490196           0
         400          10          10           1          10           1         0.1
         400         100       103.6          11         8.2     12.6341     1.34146
----------------------------------------------------------------------------------------------------
        1296           1           3         0.6           7    0.428571   0.0857143
        1296           5          16           2         6.4         2.5      0.3125
        1296          10        33.6           4         7.4     4.54054    0.540541
        1296         100       339.6        27.6         9.2      36.913           3
----------------------------------------------------------------------------------------------------
        2704           1        10.8           1         4.4     2.45455    0.227273
        2704           5        34.8           4         7.6     4.57895    0.526316
        2704          10        69.8           8           5       13.96         1.6
        2704         100       699.2        53.6        15.8     44.2532     3.39241
----------------------------------------------------------------------------------------------------
        4624           1        11.4         2.6         8.2     1.39024    0.317073
        4624           5        59.8           7         5.2        11.5     1.34615
        4624          10       119.6          13           3     39.8667     4.33333
        4624         100      1190.2        86.8          24     49.5917     3.61667
----------------------------------------------------------------------------------------------------
        7056           1          18           4           8        2.25         0.5
        7056           5        91.4          11         2.4     38.0833     4.58333
        7056          10         181        18.2           4       45.25        4.55
        7056         100      1830.4       128.4        36.2     50.5635     3.54696
----------------------------------------------------------------------------------------------------
       10000           1          26         5.2         5.8     4.48276    0.896552
       10000           5       130.2          15           3        43.4           5
       10000          10       258.6          24         5.4     47.8889     4.44444
       10000         100        2602       183.4          48     54.2083     3.82083
----------------------------------------------------------------------------------------------------
       13456           1        34.6         7.4         4.8     7.20833     1.54167
       13456           5       174.2          19           4       43.55        4.75
       13456          10       349.8          31         7.2     48.5833     4.30556
       13456         100      3489.2       243.4          62     56.2774     3.92581
----------------------------------------------------------------------------------------------------
       17424           1        44.6        10.2           3     14.8667         3.4
       17424           5       226.6          24         5.4      41.963     4.44444
       17424          10         450          39         9.4     47.8723     4.14894
       17424         100      4524.2       316.2        77.6     58.3015     4.07474
----------------------------------------------------------------------------------------------------
       21904           1          57        13.2           3          19         4.4
       21904           5       284.4          29           7     40.6286     4.14286
       21904          10       569.6        48.4          12     47.4667     4.03333
       21904         100      5701.4         399        97.6      58.416     4.08811
----------------------------------------------------------------------------------------------------
       26896           1          70        15.6         4.2     16.6667     3.71429
       26896           5       348.8        34.8         9.2      37.913     3.78261
       26896          10       703.6        58.6          15     46.9067     3.90667
       26896         100      6993.8         489       120.4      58.088     4.06146
----------------------------------------------------------------------------------------------------
       32400           1        85.4          18           5       17.08         3.6
       32400           5       423.2          41        11.8     35.8644     3.47458
       32400          10       845.6        70.2        18.2     46.4615     3.85714
       32400         100        8411       590.6       144.6     58.1674     4.08437
----------------------------------------------------------------------------------------------------
       38416           1       101.6        20.2           7     14.5143     2.88571
       38416           5       503.8        48.2          14     35.9857     3.44286
       38416          10       989.8        82.2        22.4     44.1875     3.66964
       38416         100      9935.6       702.6       171.4     57.9673     4.09918
----------------------------------------------------------------------------------------------------
       44944           1       117.4        23.2           8      14.675         2.9
       44944           5       585.4        55.2        16.8     34.8452     3.28571
       44944          10      1165.2        95.2        27.4     42.5255     3.47445
       44944         100     11793.4       822.6       199.8      59.026     4.11712
----------------------------------------------------------------------------------------------------
       51984           1         135        26.2         9.4     14.3617     2.78723
       51984           5       675.2        63.2          20       33.76        3.16
       51984          10      1345.6       110.8        32.2     41.7888     3.44099
       51984         100     13490.2         951         232     58.1474     4.09914
----------------------------------------------------------------------------------------------------
       59536           1       155.2        29.2        10.6     14.6415     2.75472
       59536           5       783.8        72.4        23.8     32.9328     3.04202
       59536          10        1541       126.4        35.8     43.0447     3.53073
       59536         100     15494.4      1086.6         267     58.0315     4.06966
----------------------------------------------------------------------------------------------------
       67600           1       176.2        33.2        12.6     13.9841     2.63492
       67600           5       878.2        81.6        28.4     30.9225     2.87324
       67600          10      1754.4       143.8        42.2     41.5735     3.40758
       67600         100     17379.2      1249.8       303.4     57.2815     4.11931
----------------------------------------------------------------------------------------------------
       76176           1       198.8          37        14.4     13.8056     2.56944
       76176           5         990        91.6        31.8     31.1321      2.8805
       76176          10      1993.6       159.4          48     41.5333     3.32083
       76176         100     19609.6      1405.2         338     58.0166      4.1574
----------------------------------------------------------------------------------------------------
       85264           1       226.6          42        16.8     13.4881         2.5
       85264           5      1107.2       103.2        34.4      32.186           3
       85264          10      2208.6       179.4        52.2     42.3103     3.43678
       85264         100     21804.4      1563.6       380.2     57.3498     4.11257
----------------------------------------------------------------------------------------------------
       94864           1       247.6        47.2        18.4     13.4565     2.56522
       94864           5      1234.6       114.4        38.4      32.151     2.97917
       94864          10      2494.6       200.4          59     42.2814     3.39661
       94864         100     24628.2      1753.2       424.2      58.058     4.13296
----------------------------------------------------------------------------------------------------
      104976           1       271.4        51.6        21.4     12.6822     2.41121
      104976           5        1360         127          43     31.6279     2.95349
      104976          10      2704.8       222.8        66.6     40.6126     3.34535
      104976         100     27331.8      1924.6       469.8     58.1775     4.09664
----------------------------------------------------------------------------------------------------
      115600           1       304.2        57.6        24.4     12.4672     2.36066
      115600           5      1498.2       141.2        47.4     31.6076      2.9789
      115600          10      2976.8       247.6        71.6     41.5754      3.4581
      115600         100     30225.6      2117.6       518.6     58.2831      4.0833
----------------------------------------------------------------------------------------------------
      126736           1       334.6        64.4        26.2      12.771     2.45802
      126736           5      1648.2       155.2        51.2     32.1914     3.03125
      126736          10        3282       270.6        78.8     41.6497     3.43401
      126736         100     33127.2      2330.4       560.4     59.1135     4.15846
----------------------------------------------------------------------------------------------------
      138384           1       358.4          68        28.4     12.6197     2.39437
      138384           5      1807.2       169.2        58.6     30.8396     2.88737
      138384          10      3586.8       291.6          86      41.707      3.3907
      138384         100     35796.2      2547.6       618.8     57.8478       4.117
----------------------------------------------------------------------------------------------------
      150544           1       390.6          77        32.8     11.9085     2.34756
      150544           5      1949.6       186.4        62.8     31.0446     2.96815
      150544          10      3860.8       322.8        94.2     40.9851     3.42675
      150544         100     38803.2      2753.8       665.4     58.3156     4.13856
----------------------------------------------------------------------------------------------------
      163216           1       422.6        82.2          36     11.7389     2.28333
      163216           5        2118         202        68.2     31.0557     2.96188
      163216          10      4241.6       349.4       101.6      41.748     3.43898
      163216         100     42171.8      2994.6       727.8     57.9442     4.11459
----------------------------------------------------------------------------------------------------
      176400           1       452.4        89.2        38.8     11.6598     2.29897
      176400           5      2278.8       219.8          74     30.7946     2.97027
      176400          10      4583.4       379.2         111     41.2919     3.41622
      176400         100     45660.6      3278.8       785.8     58.1072     4.17256
----------------------------------------------------------------------------------------------------
      190096           1       490.2        95.8        43.4     11.2949     2.20737
      190096           5        2467         238        81.6     30.2328     2.91667
      190096          10      4841.2       405.6         119     40.6824      3.4084
      190096         100     49554.4      3494.4       849.4     58.3405     4.11396
----------------------------------------------------------------------------------------------------
      204304           1       532.8       106.4        47.4     11.2405     2.24473
      204304           5        2649       254.6          86     30.8023     2.96047
      204304          10      5327.4       442.8       130.6     40.7917     3.39051
      204304         100     53240.2      3759.2       903.2     58.9462     4.16209
----------------------------------------------------------------------------------------------------
      219024           1       576.4       116.8        51.2     11.2578     2.28125
      219024           5      2840.2       272.4          91      31.211     2.99341
      219024          10        5631         472       137.8     40.8636     3.42525
      219024         100     57349.6      4081.4         978     58.6397     4.17321
----------------------------------------------------------------------------------------------------
      234256           1         610       119.8          53     11.5094     2.26038
      234256           5      3049.2         292        96.4     31.6307     3.02905
      234256          10      6084.8         503       143.8     42.3143     3.49791
      234256         100     60578.4      4299.6      1038.4     58.3382      4.1406
----------------------------------------------------------------------------------------------------
      250000           1       649.2       129.6        56.8     11.4296     2.28169
      250000           5      3216.4       312.2       101.6     31.6575     3.07283
      250000          10      6409.6       539.2       154.8     41.4057      3.4832
      250000         100     65021.6      4589.4      1106.2     58.7792      4.1488
----------------------------------------------------------------------------------------------------
