Running jacobi_stencil using 11 cores
    # blocks      Repeat      OpenMP         TBB    Taskflow    speedup1    speedup2
====================================================================================================
          16           1         0.4           0         3.2       0.125           0
          16           5           0           0         2.8           0           0
          16          10           0           0           0        -nan        -nan
          16         100           4           0         8.2    0.487805           0
----------------------------------------------------------------------------------------------------
         400           1           1           0         5.6    0.178571           0
         400           5           6           0        12.6     0.47619           0
         400          10        12.6           1        11.4     1.10526   0.0877193
         400         100       125.4          11           9     13.9333     1.22222
----------------------------------------------------------------------------------------------------
        1296           1         3.8         0.6         3.6     1.05556    0.166667
        1296           5          20           2          10           2         0.2
        1296          10        42.4           4         7.2     5.88889    0.555556
        1296         100       407.2        27.6         9.4     43.3191     2.93617
----------------------------------------------------------------------------------------------------
        2704           1           8           1         9.6    0.833333    0.104167
        2704           5        42.2           4           5        8.44         0.8
        2704          10        85.8           8           5       17.16         1.6
        2704         100         854        52.8        15.2     56.1842     3.47368
----------------------------------------------------------------------------------------------------
        4624           1          14         2.2         8.8     1.59091        0.25
        4624           5          74         7.6           5        14.8        1.52
        4624          10       146.8        13.2           2        73.4         6.6
        4624         100        1464        87.2        21.2     69.0566     4.11321
----------------------------------------------------------------------------------------------------
        7056           1        21.8         4.2         6.6     3.30303    0.636364
        7056           5         112        11.4           2          56         5.7
        7056          10       222.8        18.4         3.6     61.8889     5.11111
        7056         100      2220.8       130.6        30.2     73.5364      4.3245
----------------------------------------------------------------------------------------------------
       10000           1          32         6.2           6     5.33333     1.03333
       10000           5       157.6        15.2           3     52.5333     5.06667
       10000          10       314.4        23.8           5       62.88        4.76
       10000         100      3123.8       181.4          41     76.1902     4.42439
----------------------------------------------------------------------------------------------------
       13456           1        41.6         8.2         4.8     8.66667     1.70833
       13456           5       213.8          19           4       53.45        4.75
       13456          10         426        31.2         6.4     66.5625       4.875
       13456         100      4232.6       245.4          53     79.8604     4.63019
----------------------------------------------------------------------------------------------------
       17424           1        55.2        10.2           3        18.4         3.4
       17424           5       275.4          24           5       55.08         4.8
       17424          10         549        39.4         8.6     63.8372      4.5814
       17424         100      5478.8       312.8        66.4      82.512     4.71084
----------------------------------------------------------------------------------------------------
       21904           1        69.8        13.2           3     23.2667         4.4
       21904           5       347.6          29         6.8     51.1176     4.26471
       21904          10       694.2        48.6        10.6     65.4906     4.58491
       21904         100      6931.4       393.8        81.8     84.7359     4.81418
----------------------------------------------------------------------------------------------------
       26896           1        86.6        16.2           4       21.65        4.05
       26896           5       431.8          35         8.2     52.6585     4.26829
       26896          10       850.8          59          14     60.7714     4.21429
       26896         100      8633.4       479.8       100.2     86.1617     4.78842
----------------------------------------------------------------------------------------------------
       32400           1       102.8        18.2           5       20.56        3.64
       32400           5         518        41.2          10        51.8        4.12
       32400          10      1037.6        69.2        16.4     63.2683     4.21951
       32400         100       10232       579.6       120.2     85.1248     4.82196
----------------------------------------------------------------------------------------------------
       38416           1       122.8        20.8         6.6     18.6061     3.15152
       38416           5       612.4        47.8        13.2     46.3939     3.62121
       38416          10      1238.8        81.2        20.8     59.5577     3.90385
       38416         100     12249.6       691.2       146.2     83.7866     4.72777
----------------------------------------------------------------------------------------------------
       44944           1         143        23.2         7.8     18.3333     2.97436
       44944           5       715.6        55.2        15.8     45.2911     3.49367
       44944          10      1415.2        94.8        24.8     57.0645     3.82258
       44944         100     14311.8       807.2       172.6     82.9189     4.67671
----------------------------------------------------------------------------------------------------
       51984           1         166        26.4         9.2     18.0435     2.86957
       51984           5       826.8        62.8        18.4     44.9348     3.41304
       51984          10      1662.4       108.6          29     57.3241     3.74483
       51984         100     16631.8       930.6       195.4     85.1167     4.76254
----------------------------------------------------------------------------------------------------
       59536           1       191.2        29.8        10.8     17.7037     2.75926
       59536           5       948.2        72.2        21.4     44.3084     3.37383
       59536          10        1897       124.4        32.8     57.8354     3.79268
       59536         100     18853.4      1071.2       223.2     84.4686     4.79928
----------------------------------------------------------------------------------------------------
       67600           1       217.2        33.8        12.4     17.5161     2.72581
       67600           5      1087.6        82.2          26     41.8308     3.16154
       67600          10      2171.8       145.2        37.4     58.0695     3.88235
       67600         100     21756.4      1249.4       252.6     86.1298     4.94616
----------------------------------------------------------------------------------------------------
       76176           1       244.6        38.8        14.8      16.527     2.62162
       76176           5      1203.4        92.8        29.2     41.2123     3.17808
       76176          10      2428.8       165.4        42.2     57.5545     3.91943
       76176         100     24235.8      1396.6       285.4     84.9187     4.89348
----------------------------------------------------------------------------------------------------
       85264           1       275.8        43.6        16.2     17.0247     2.69136
       85264           5      1356.2       105.8        32.2      42.118     3.28571
       85264          10      2712.4       183.2        46.6      58.206     3.93133
       85264         100     27034.2      1561.6       319.6     84.5876     4.88611
----------------------------------------------------------------------------------------------------
       94864           1       305.2        48.4          18     16.9556     2.68889
       94864           5      1503.6       117.8        35.6      42.236     3.30899
       94864          10      3004.4       200.8        52.8     56.9015     3.80303
       94864         100     30140.4      1742.2       352.8      85.432     4.93821
----------------------------------------------------------------------------------------------------
      104976           1       337.4        54.6        20.2      16.703     2.70297
      104976           5      1679.2       131.6          41     40.9561     3.20976
      104976          10      3348.8       225.6        58.6     57.1468     3.84983
      104976         100     33423.4      1920.6       390.8     85.5256     4.91453
----------------------------------------------------------------------------------------------------
      115600           1       370.2        60.4        23.2     15.9569     2.60345
      115600           5        1840       144.2        43.8     42.0091     3.29224
      115600          10        3656       244.8        63.4     57.6656      3.8612
      115600         100     36534.6      2087.2       428.6     85.2417     4.86981
----------------------------------------------------------------------------------------------------
      126736           1       402.6        65.2        25.4     15.8504     2.56693
      126736           5      2007.4         156        49.6     40.4718     3.14516
      126736          10      4033.2       268.2          70     57.6171     3.83143
      126736         100     40099.8        2292       468.4     85.6102     4.89325
----------------------------------------------------------------------------------------------------
      138384           1       442.4        71.8          28        15.8     2.56429
      138384           5      2194.6       170.6        52.8     41.5644     3.23106
      138384          10      4382.6         294        78.6     55.7583     3.74046
      138384         100     43799.6      2501.6       511.6      85.613     4.88976
----------------------------------------------------------------------------------------------------
      150544           1       480.4        79.2        31.4     15.2994     2.52229
      150544           5      2372.6         188        58.4     40.6267     3.21918
      150544          10      4788.6         320        82.6     57.9734     3.87409
      150544         100     47876.8      2726.8       560.4     85.4333     4.86581
----------------------------------------------------------------------------------------------------
      163216           1       519.2        85.8        35.6     14.5843     2.41011
      163216           5      2569.4         202        65.6     39.1677     3.07927
      163216          10        5172       347.2        91.2     56.7105     3.80702
      163216         100       51393      2957.2       604.8     84.9752     4.88955
----------------------------------------------------------------------------------------------------
      176400           1       563.2        95.8        37.6     14.9787     2.54787
      176400           5      2782.2       219.4        67.8     41.0354     3.23599
      176400          10      5633.8       377.6       100.6      56.002     3.75348
      176400         100       56156      3204.4       654.6     85.7867      4.8952
----------------------------------------------------------------------------------------------------
      190096           1       610.6       102.8          41     14.8927     2.50732
      190096           5        3043       239.4        74.4     40.9005     3.21774
      190096          10      6059.8       408.6       108.6     55.7993     3.76243
      190096         100       61010        3458       707.6      86.221     4.88694
----------------------------------------------------------------------------------------------------
      204304           1       650.4       110.8        44.8     14.5179     2.47321
      204304           5      3281.2       255.4        80.4     40.8109     3.17662
      204304          10      6481.2         439       114.2     56.7531     3.84413
      204304         100     64621.8      3730.4       753.2     85.7963     4.95273
----------------------------------------------------------------------------------------------------
      219024           1       705.6       117.2        48.8      14.459     2.40164
      219024           5      3504.4         274        84.2       41.62     3.25416
      219024          10        6992       469.4         123     56.8455     3.81626
      219024         100     69375.8      3993.8       806.4     86.0315     4.95263
----------------------------------------------------------------------------------------------------
      234256           1       755.2       123.2          52     14.5231     2.36923
      234256           5        3719       292.2        89.8     41.4143      3.2539
      234256          10        7423       502.4       127.6      58.174      3.9373
      234256         100     74169.6      4252.6       863.8     85.8643     4.92313
----------------------------------------------------------------------------------------------------
      250000           1       800.8       133.2        54.6     14.6667     2.43956
      250000           5        3940       310.2        94.2     41.8259     3.29299
      250000          10      7939.4       534.2       136.2     58.2922     3.92217
      250000         100     78881.2      4540.6       921.6     85.5916     4.92687
----------------------------------------------------------------------------------------------------
