Running framework using 14 cores
     |V|+|E|      Repeat         OMP         TBB          TF    speedup1    speedup2
====================================================================================================
           2           1       5.985       0.093      13.723       0.436       0.007
                       5       0.044       0.012       1.242       0.035       0.010
                      10       0.081       0.013       0.597       0.135       0.022
                     100       0.768       0.055      10.946       0.070       0.005
----------------------------------------------------------------------------------------------------
         871           1       1.084       0.176       6.054       0.179       0.029
                       5       5.513       1.207       8.153       0.676       0.148
                      10      11.007       2.170      12.993       0.847       0.167
                     100     109.309       9.952      11.114       9.835       0.895
----------------------------------------------------------------------------------------------------
        3245           1       4.184       0.693      13.050       0.321       0.053
                       5      20.865       1.986      12.925       1.614       0.154
                      10      41.101       3.582      12.898       3.187       0.278
                     100     411.803      21.783      10.209      40.337       2.134
----------------------------------------------------------------------------------------------------
        7342           1       9.104       1.477      13.255       0.687       0.111
                       5      45.504       3.462      12.515       3.636       0.277
                      10      91.249       5.804      12.459       7.324       0.466
                     100     910.610      41.749      18.265      49.857       2.286
----------------------------------------------------------------------------------------------------
       12795           1      16.177       2.182      11.530       1.403       0.189
                       5      80.270       7.640      11.181       7.179       0.683
                      10     160.629      12.531       9.630      16.680       1.301
                     100    1599.612      68.382      27.221      58.763       2.512
----------------------------------------------------------------------------------------------------
       20096           1      25.189       8.026       9.515       2.647       0.844
                       5     124.348      12.883       8.789      14.148       1.466
                      10     249.911      15.241       8.175      30.571       1.864
                     100    2492.075     108.207      36.690      67.922       2.949
----------------------------------------------------------------------------------------------------
       28863           1      35.850       7.023       9.881       3.628       0.711
                       5     178.115      12.689       9.160      19.445       1.385
                      10     356.745      18.146       7.727      46.166       2.348
                     100    3569.490     152.180      48.806      73.137       3.118
----------------------------------------------------------------------------------------------------
       39151           1      48.282       7.248       8.992       5.369       0.806
                       5     242.805      20.238       6.091      39.866       3.323
                      10     485.688      26.323       7.489      64.850       3.515
                     100    4846.865     201.890      61.842      78.375       3.265
----------------------------------------------------------------------------------------------------
       51166           1      63.499      13.136       7.005       9.065       1.875
                       5     314.924      24.192       5.931      53.100       4.079
                      10     631.045      32.894       9.435      66.882       3.486
                     100    6318.576     262.692      75.552      83.632       3.477
----------------------------------------------------------------------------------------------------
       64524           1      79.799      13.070       5.510      14.483       2.372
                       5     398.636      24.706       7.730      51.569       3.196
                      10     798.112      43.056      11.200      71.263       3.844
                     100    7976.571     328.566      90.964      87.689       3.612
----------------------------------------------------------------------------------------------------
       79412           1      98.723      13.184       5.078      19.442       2.596
                       5     491.692      31.663       7.851      62.626       4.033
                      10     982.940      49.131      13.610      72.223       3.610
                     100    9848.401     403.712     108.927      90.413       3.706
----------------------------------------------------------------------------------------------------
       96316           1     118.999      15.988       3.872      30.735       4.129
                       5     597.004      36.587       9.262      64.460       3.950
                      10    1188.653      61.048      16.429      72.351       3.716
                     100   11885.433     485.692     125.923      94.386       3.857
----------------------------------------------------------------------------------------------------
      114805           1     141.972      20.806       4.730      30.013       4.398
                       5     706.123      42.060      10.872      64.951       3.869
                      10    1409.735      71.181      18.369      76.744       3.875
                     100   14133.754     573.174     145.829      96.920       3.930
----------------------------------------------------------------------------------------------------
      134479           1     166.644      23.242       5.673      29.377       4.097
                       5     828.758      49.257      12.803      64.734       3.847
                      10    1654.964      81.895      21.387      77.381       3.829
                     100   16553.480     668.652     163.028     101.538       4.101
----------------------------------------------------------------------------------------------------
      155197           1     194.887      25.787       6.522      29.882       3.954
                       5     958.213      56.209      14.785      64.810       3.802
                      10    1921.515      94.672      23.633      81.305       4.006
                     100   19210.493     771.927     183.458     104.713       4.208
----------------------------------------------------------------------------------------------------
      177958           1     222.175      29.594       7.406      30.000       3.996
                       5    1103.984      62.828      16.766      65.847       3.747
                      10    2198.507     107.160      26.979      81.489       3.972
                     100   22037.102     881.484     204.864     107.569       4.303
----------------------------------------------------------------------------------------------------
      202742           1     253.652      33.151       8.459      29.985       3.919
                       5    1255.093      71.017      18.919      66.339       3.754
                      10    2506.844     121.404      29.745      84.278       4.082
                     100   25016.719    1003.449     229.345     109.079       4.375
----------------------------------------------------------------------------------------------------
      229003           1     286.982      36.563       9.837      29.174       3.717
                       5    1413.086      80.253      21.917      64.476       3.662
                      10    2817.771     135.647      33.840      83.267       4.008
                     100   28262.940    1128.576     255.924     110.435       4.410
----------------------------------------------------------------------------------------------------
      256393           1     319.798      41.803      11.109      28.787       3.763
                       5    1581.086      90.540      24.155      65.457       3.748
                      10    3166.944     152.285      37.243      85.035       4.089
                     100   31655.419    1265.327     290.854     108.836       4.350
----------------------------------------------------------------------------------------------------
      286052           1     356.536      47.409      12.340      28.893       3.842
                       5    1762.605     101.066      26.614      66.228       3.797
                      10    3524.232     170.343      42.488      82.947       4.009
                     100   35265.911    1411.116     325.437     108.365       4.336
----------------------------------------------------------------------------------------------------
      316193           1     397.296      51.084      13.636      29.136       3.746
                       5    1961.829     112.202      30.581      64.151       3.669
                      10    3910.301     188.765      47.486      82.346       3.975
                     100   39062.793    1564.140     368.606     105.974       4.243
----------------------------------------------------------------------------------------------------
      348714           1     436.371      56.227      15.094      28.911       3.725
                       5    2153.865     124.146      33.816      63.694       3.671
                      10    4308.338     208.687      52.732      81.703       3.958
                     100   43102.356    1722.900     410.961     104.882       4.192
----------------------------------------------------------------------------------------------------
      382551           1     476.095      62.393      16.937      28.109       3.684
                       5    2362.477     136.630      38.236      61.786       3.573
                      10    4716.052     231.373      58.836      80.156       3.933
                     100   47222.448    1896.701     452.620     104.331       4.190
----------------------------------------------------------------------------------------------------
      417899           1     520.970      69.019      18.756      27.776       3.680
                       5    2576.181     149.446      40.564      63.509       3.684
                      10    5153.534     250.978      65.743      78.389       3.818
                     100   51578.941    2073.888     502.562     102.632       4.127
----------------------------------------------------------------------------------------------------
      455716           1     569.037      75.693      20.289      28.046       3.731
                       5    2802.557     163.860      45.022      62.249       3.640
                      10    5626.579     274.104      70.463      79.852       3.890
                     100   56188.146    2256.495     548.286     102.480       4.116
----------------------------------------------------------------------------------------------------
      493839           1     618.832      82.631      22.073      28.035       3.744
                       5    3042.546     177.263      48.381      62.887       3.664
                      10    6107.295     299.884      77.465      78.839       3.871
                     100   60911.066    2454.652     602.852     101.038       4.072
----------------------------------------------------------------------------------------------------
      534321           1     669.887      89.750      23.942      27.980       3.749
                       5    3290.897     193.254      51.435      63.981       3.757
                      10    6598.268     324.954      86.198      76.548       3.770
                     100   65958.347    2659.522     647.621     101.847       4.107
----------------------------------------------------------------------------------------------------
      575717           1     716.842      98.888      26.933      26.616       3.672
                       5    3559.492     211.635      54.902      64.833       3.855
                      10    7117.116     352.533      92.007      77.354       3.832
                     100   71217.367    2877.402     705.510     100.945       4.078
----------------------------------------------------------------------------------------------------
      619451           1     766.556     106.913      28.638      26.767       3.733
                       5    3816.297     224.054      58.962      64.725       3.800
                      10    7649.823     376.758      95.340      80.237       3.952
                     100   76425.867    3096.785     751.332     101.720       4.122
----------------------------------------------------------------------------------------------------
      664382           1     825.753     111.291      30.095      27.438       3.698
                       5    4099.887     241.430      63.846      64.215       3.781
                      10    8182.604     404.812     104.164      78.555       3.886
                     100   81972.804    3326.184     812.754     100.858       4.092
----------------------------------------------------------------------------------------------------
      711729           1     886.803     119.396      31.816      27.873       3.753
                       5    4387.694     257.752      68.142      64.391       3.783
                      10    8774.426     433.268     109.110      80.418       3.971
                     100   87870.737    3559.161     865.192     101.562       4.114
----------------------------------------------------------------------------------------------------
