Running framework using 14 cores
     |V|+|E|      Repeat         OMP         TBB          TF    speedup1    speedup2
====================================================================================================
           2           1       5.715       0.090       6.452       0.886       0.014
                       5       0.043       0.017       8.135       0.005       0.002
                      10       0.077       0.017       0.679       0.113       0.026
                     100       0.782       0.068       0.792       0.987       0.085
----------------------------------------------------------------------------------------------------
         839           1       1.094       0.195       0.740       1.478       0.264
                       5       5.455       1.213       0.680       8.022       1.784
                      10      10.818       4.929       5.687       1.902       0.867
                     100     108.551       5.601      11.632       9.332       0.482
----------------------------------------------------------------------------------------------------
        3274           1       4.192       0.785       0.946       4.429       0.829
                       5      20.553       1.989      11.948       1.720       0.166
                      10      40.898       3.604      10.310       3.967       0.350
                     100     409.062      29.785       6.800      60.160       4.380
----------------------------------------------------------------------------------------------------
        7299           1       9.064       1.471       6.956       1.303       0.211
                       5      45.243       3.445      11.162       4.053       0.309
                      10      90.429       6.104       7.636      11.842       0.799
                     100     905.035      49.713      11.053      81.878       4.498
----------------------------------------------------------------------------------------------------
       12889           1      15.978       2.195       8.292       1.927       0.265
                       5      79.616       5.494      10.347       7.695       0.531
                      10     159.866       9.531       9.793      16.325       0.973
                     100    1592.568      76.867      17.106      93.098       4.493
----------------------------------------------------------------------------------------------------
       19998           1      24.726       6.349       8.241       3.000       0.770
                       5     123.815       8.196       8.924      13.875       0.918
                      10     246.932      14.563       7.779      31.743       1.872
                     100    2477.725     114.186      26.918      92.046       4.242
----------------------------------------------------------------------------------------------------
       28547           1      35.478       8.960       8.871       3.999       1.010
                       5     177.278      10.410      10.345      17.137       1.006
                      10     354.455      23.580       4.983      71.139       4.732
                     100    3557.243     156.629      32.467     109.564       4.824
----------------------------------------------------------------------------------------------------
       39067           1      48.371       9.694       7.189       6.728       1.349
                       5     240.335      20.659       5.567      43.168       3.711
                      10     481.080      32.398       5.394      89.195       6.007
                     100    4823.159     206.894      39.228     122.951       5.274
----------------------------------------------------------------------------------------------------
       51159           1      63.113      10.697       7.102       8.887       1.506
                       5     314.201      22.874       4.878      64.406       4.689
                      10     630.048      37.578       6.790      92.796       5.535
                     100    6276.420     269.831      50.093     125.294       5.387
----------------------------------------------------------------------------------------------------
       64654           1      79.006      13.908       5.011      15.767       2.776
                       5     396.109      25.684       5.381      73.610       4.773
                      10     793.186      46.641       8.660      91.590       5.386
                     100    7948.289     335.084      67.521     117.716       4.963
----------------------------------------------------------------------------------------------------
       79530           1      97.889      14.522       3.971      24.652       3.657
                       5     489.024      33.814       6.174      79.207       5.477
                      10     974.488      53.024      10.453      93.229       5.073
                     100    9778.154     405.327      76.118     128.460       5.325
----------------------------------------------------------------------------------------------------
       95841           1     118.847      20.023       3.619      32.836       5.532
                       5     588.724      38.286       7.017      83.902       5.456
                      10    1184.254      64.640      11.858      99.866       5.451
                     100   11818.017     488.221      88.860     132.996       5.494
----------------------------------------------------------------------------------------------------
      114331           1     140.908      20.129       4.270      32.997       4.714
                       5     704.097      43.539       8.856      79.502       4.916
                      10    1407.243      73.847      13.253     106.180       5.572
                     100   14069.573     575.700     107.082     131.390       5.376
----------------------------------------------------------------------------------------------------
      134094           1     166.486      24.025       5.073      32.817       4.736
                       5     825.104      52.802      10.289      80.196       5.132
                      10    1651.121      82.677      15.691     105.226       5.269
                     100   16482.514     670.450     121.422     135.746       5.522
----------------------------------------------------------------------------------------------------
      155606           1     192.571      27.400       5.910      32.585       4.636
                       5     956.111      56.980      11.562      82.693       4.928
                      10    1912.972      95.259      19.133      99.982       4.979
                     100   19109.099     775.298     130.586     146.333       5.937
----------------------------------------------------------------------------------------------------
      177975           1     221.350      29.784       6.938      31.906       4.293
                       5    1097.753      63.456      13.599      80.725       4.666
                      10    2193.857     108.008      21.774     100.757       4.960
                     100   21924.919     886.495     159.562     137.407       5.556
----------------------------------------------------------------------------------------------------
      203184           1     251.460      32.623       7.962      31.582       4.097
                       5    1238.894      72.015      15.839      78.216       4.547
                      10    2489.259     121.783      23.614     105.416       5.157
                     100   24939.223    1005.607     144.031     173.152       6.982
----------------------------------------------------------------------------------------------------
      229110           1     284.241      36.858       9.073      31.328       4.062
                       5    1409.489      80.892      16.709      84.357       4.841
                      10    2817.078     136.886      25.498     110.483       5.369
                     100   28178.147    1132.089     190.400     147.995       5.946
----------------------------------------------------------------------------------------------------
      256530           1     318.161      42.542      10.435      30.490       4.077
                       5    1580.252      91.437      19.874      79.515       4.601
                      10    3158.177     153.335      29.669     106.446       5.168
                     100   31517.306    1270.441     199.603     157.900       6.365
----------------------------------------------------------------------------------------------------
      285250           1     354.179      46.319      11.607      30.513       3.990
                       5    1755.123     101.582      22.405      78.336       4.534
                      10    3509.935     171.074      34.573     101.521       4.948
                     100   35083.257    1416.722     223.967     156.645       6.326
----------------------------------------------------------------------------------------------------
      316456           1     393.477      51.902      13.087      30.067       3.966
                       5    1947.513     113.258      24.642      79.032       4.596
                      10    3885.843     189.727      38.700     100.408       4.902
                     100   38876.175    1569.946     256.393     151.628       6.123
----------------------------------------------------------------------------------------------------
      348930           1     434.605      57.367      14.049      30.934       4.083
                       5    2143.155     126.220      29.215      73.358       4.320
                      10    4282.732     208.990      39.876     107.401       5.241
                     100   42851.730    1731.121     299.288     143.179       5.784
----------------------------------------------------------------------------------------------------
      383251           1     475.361      62.638      15.880      29.935       3.945
                       5    2354.123     137.374      32.269      72.952       4.257
                      10    4701.712     230.806      48.561      96.820       4.753
                     100   47078.897    1900.877     355.117     132.573       5.353
----------------------------------------------------------------------------------------------------
      417876           1     516.559      69.691      17.717      29.156       3.934
                       5    2567.997     150.973      36.103      71.129       4.182
                      10    5141.238     252.816      53.034      96.943       4.767
                     100   51386.166    2077.116     372.074     138.108       5.583
----------------------------------------------------------------------------------------------------
      455837           1     560.883      77.157      19.282      29.089       4.002
                       5    2806.608     166.801      37.021      75.810       4.506
                      10    5605.281     275.020      56.692      98.873       4.851
                     100   55995.038    2266.575     414.770     135.003       5.465
----------------------------------------------------------------------------------------------------
      493961           1     616.476      83.219      21.076      29.250       3.949
                       5    3041.079     179.352      40.285      75.489       4.452
                      10    6069.096     300.605      63.952      94.901       4.700
                     100   60687.940    2462.164     441.178     137.559       5.581
----------------------------------------------------------------------------------------------------
      533917           1     661.478      90.607      22.984      28.780       3.942
                       5    3283.214     194.509      43.669      75.185       4.454
                      10    6573.367     325.345      67.719      97.068       4.804
                     100   65653.860    2671.516     480.851     136.537       5.556
----------------------------------------------------------------------------------------------------
      576250           1     715.459      98.858      25.828      27.701       3.828
                       5    3542.756     211.090      47.326      74.858       4.460
                      10    7072.173     351.897      74.009      95.559       4.755
                     100   70880.438    2884.793     540.817     131.062       5.334
----------------------------------------------------------------------------------------------------
      619726           1     773.016     106.766      26.441      29.236       4.038
                       5    3807.743     225.716      49.631      76.721       4.548
                      10    7627.773     378.504      76.719      99.424       4.934
                     100   76157.207    3106.535     583.383     130.544       5.325
----------------------------------------------------------------------------------------------------
      665059           1     826.475     112.978      28.539      28.960       3.959
                       5    4095.355     241.187      55.289      74.072       4.362
                      10    8158.581     405.704      84.295      96.786       4.813
                     100   81681.412    3331.115     632.173     129.207       5.269
----------------------------------------------------------------------------------------------------
      710850           1     884.013     120.694      29.510      29.957       4.090
                       5    4366.770     258.843      58.791      74.276       4.403
                      10    8757.606     435.464      89.517      97.831       4.865
                     100   87474.990    3567.460     672.475     130.079       5.305
----------------------------------------------------------------------------------------------------
