Running jacobi_stencil using 9 cores
    # blocks      Repeat      OpenMP         TBB    Taskflow    speedup1    speedup2
====================================================================================================
          16           1         2.8           0         0.2          14           0
          16           5           0           0         0.6           0           0
          16          10           0           0        13.4           0           0
          16         100         3.4           0        11.4    0.298246           0
----------------------------------------------------------------------------------------------------
         400           1         1.2           0        12.6   0.0952381           0
         400           5         4.8           0          12         0.4           0
         400          10         9.8           0        11.6    0.844828           0
         400         100        99.6           3         8.6     11.5814    0.348837
----------------------------------------------------------------------------------------------------
        1296           1           3         0.4         2.6     1.15385    0.153846
        1296           5          16           0         9.6     1.66667           0
        1296          10        32.6           1         8.2     3.97561    0.121951
        1296         100       326.6           9         9.6     34.0208      0.9375
----------------------------------------------------------------------------------------------------
        2704           1           6           1        12.2    0.491803   0.0819672
        2704           5          34           1         8.4     4.04762    0.119048
        2704          10        67.8           2           9     7.53333    0.222222
        2704         100       680.6          28        10.2     66.7255      2.7451
----------------------------------------------------------------------------------------------------
        4624           1        10.8         1.4        10.6     1.01887    0.132075
        4624           5        56.8           3           9     6.31111    0.333333
        4624          10       114.6           4         6.8     16.8529    0.588235
        4624         100      1154.8        62.6          15     76.9867     4.17333
----------------------------------------------------------------------------------------------------
        7056           1        19.2         2.2           9     2.13333    0.244444
        7056           5        87.6           4         7.8     11.2308    0.512821
        7056          10         178           7         6.4     27.8125     1.09375
        7056         100      1761.6       103.8          21     83.8857     4.94286
----------------------------------------------------------------------------------------------------
       10000           1        24.8         3.2         8.2     3.02439    0.390244
       10000           5       124.8           6           6        20.8           1
       10000          10       250.8         9.2           5       50.16        1.84
       10000         100      2517.4         152        27.6     91.2101     5.50725
----------------------------------------------------------------------------------------------------
       13456           1          33         5.2         7.2     4.58333    0.722222
       13456           5       168.8           8           5       33.76         1.6
       13456          10       334.4          13           4        83.6        3.25
       13456         100      3377.2       214.2        35.6     94.8652     6.01685
----------------------------------------------------------------------------------------------------
       17424           1        43.2         6.2         5.6     7.71429     1.10714
       17424           5         217          11         3.8     57.1053     2.89474
       17424          10       436.4        21.2           6     72.7333     3.53333
       17424         100      4339.2         276        44.2     98.1719     6.24434
----------------------------------------------------------------------------------------------------
       21904           1        54.6         8.2         4.2          13     1.95238
       21904           5       270.2          14         4.4     61.4091     3.18182
       21904          10       548.2        31.2           7     78.3143     4.45714
       21904         100      5419.6         349          53     102.257     6.58491
----------------------------------------------------------------------------------------------------
       26896           1        66.6        10.2           3        22.2         3.4
       26896           5         338          21           6     56.3333         3.5
       26896          10       686.2          43         8.8     77.9773     4.88636
       26896         100      6755.2       433.8        64.2     105.221     6.75701
----------------------------------------------------------------------------------------------------
       32400           1        81.2        12.4           4        20.3         3.1
       32400           5       406.6        29.8         7.6        53.5     3.92105
       32400          10       813.4          57          11     73.9455     5.18182
       32400         100        8095       527.4        75.8     106.794     6.95778
----------------------------------------------------------------------------------------------------
       38416           1        96.6          15         4.8      20.125       3.125
       38416           5       480.6        38.6         8.4     57.2143     4.59524
       38416          10         965        70.4        12.6     76.5873      5.5873
       38416         100      9641.2       629.8        83.4     115.602     7.55156
----------------------------------------------------------------------------------------------------
       44944           1       111.4        18.4         5.6     19.8929     3.28571
       44944           5       559.4        47.4          10       55.94        4.74
       44944          10      1122.4        83.6        15.2     73.8421         5.5
       44944         100     11138.2         722        95.6     116.508      7.5523
----------------------------------------------------------------------------------------------------
       51984           1       131.8        23.2           7     18.8286     3.31429
       51984           5         655          56        11.8     55.5085     4.74576
       51984          10      1306.4        97.8        17.6     74.2273     5.55682
       51984         100     12958.6       837.4       109.6     118.235     7.64051
----------------------------------------------------------------------------------------------------
       59536           1       149.2          28           8       18.65         3.5
       59536           5       748.6        65.2        13.4     55.8657     4.86567
       59536          10      1479.4       113.2          20       73.97        5.66
       59536         100       14780         976       119.4     123.786      8.1742
----------------------------------------------------------------------------------------------------
       67600           1       171.8        31.4         9.6     17.8958     3.27083
       67600           5       851.8        73.2          16     53.2375       4.575
       67600          10      1689.8       130.8          23     73.4696     5.68696
       67600         100     17086.6      1098.2       136.2     125.452     8.06314
----------------------------------------------------------------------------------------------------
       76176           1       191.4          35        11.4     16.7895     3.07018
       76176           5       946.6        82.8        17.8     53.1798     4.65169
       76176          10      1916.6       141.8        26.2     73.1527     5.41221
       76176         100       19079        1242       151.4     126.017     8.20343
----------------------------------------------------------------------------------------------------
       85264           1         217          40        12.8     16.9531       3.125
       85264           5        1072          94          21     51.0476     4.47619
       85264          10      2152.2       162.6          29     74.2138      5.6069
       85264         100     21384.8      1366.2         172      124.33     7.94302
----------------------------------------------------------------------------------------------------
       94864           1         241        44.6        14.4     16.7361     3.09722
       94864           5      1189.6         104          23     51.7217     4.52174
       94864          10      2384.8       180.4        33.2     71.8313     5.43373
       94864         100     23501.6      1530.6       192.6     122.023     7.94704
----------------------------------------------------------------------------------------------------
      104976           1       265.2        49.6          16      16.575         3.1
      104976           5      1321.4       116.2          26     50.8231     4.46923
      104976          10        2623       200.2        36.8     71.2772     5.44022
      104976         100     26356.8      1698.6       218.6     120.571     7.77036
----------------------------------------------------------------------------------------------------
      115600           1       294.2        56.6        17.6     16.7159     3.21591
      115600           5      1440.8       128.8        29.4     49.0068     4.38095
      115600          10      2901.6       218.8        41.8     69.4163     5.23445
      115600         100     28855.2      1859.6       243.6     118.453     7.63383
----------------------------------------------------------------------------------------------------
      126736           1       322.8        60.4        19.6     16.4694     3.08163
      126736           5      1591.2       142.2        33.8     47.0769      4.2071
      126736          10      3158.8         243        46.4     68.0776     5.23707
      126736         100     31734.2      2002.6       272.2     116.584     7.35709
----------------------------------------------------------------------------------------------------
      138384           1       352.4          67        21.8     16.1651     3.07339
      138384           5      1717.8       156.4        36.4     47.1923      4.2967
      138384          10      3464.4       261.2        49.6     69.8468     5.26613
      138384         100     34658.4      2223.6       300.2     115.451     7.40706
----------------------------------------------------------------------------------------------------
      150544           1       383.2        73.4          24     15.9667     3.05833
      150544           5      1884.4       168.6          40       47.11       4.215
      150544          10      3758.6       287.2        55.6     67.6007     5.16547
      150544         100     37856.6      2464.8       329.4     114.926      7.4827
----------------------------------------------------------------------------------------------------
      163216           1       415.2        80.6          26     15.9692         3.1
      163216           5        2049       183.6        45.6     44.9342     4.02632
      163216          10      4088.4         310        59.2     69.0608     5.23649
      163216         100     40417.8        2677         357     113.215      7.4986
----------------------------------------------------------------------------------------------------
      176400           1       448.8        84.8        28.2     15.9149     3.00709
      176400           5      2208.6       200.2          49     45.0735     4.08571
      176400          10      4423.6       341.2        66.6     66.4204     5.12312
      176400         100     44142.8      2842.8       390.4     113.071     7.28176
----------------------------------------------------------------------------------------------------
      190096           1         486        94.8        31.6     15.3797           3
      190096           5      2375.8       216.8        52.4     45.3397      4.1374
      190096          10      4785.4         370        72.6     65.9146     5.09642
      190096         100       47659      3017.4       424.8     112.192     7.10311
----------------------------------------------------------------------------------------------------
      204304           1         516         103          34     15.1765     3.02941
      204304           5      2552.2       231.8          57     44.7754     4.06667
      204304          10      5131.8       390.6        78.8     65.1244     4.95685
      204304         100       51427      3287.2       456.2     112.729     7.20561
----------------------------------------------------------------------------------------------------
      219024           1       555.6       112.2        36.8     15.0978     3.04891
      219024           5      2754.6       249.6        62.2     44.2862     4.01286
      219024          10      5467.8       416.6        83.8     65.2482     4.97136
      219024         100     55297.2      3521.6       490.6     112.713     7.17815
----------------------------------------------------------------------------------------------------
      234256           1       593.6         117        39.8     14.9146      2.9397
      234256           5      2931.6       264.6        64.6     45.3808     4.09598
      234256          10      5855.8       453.6          88     66.5432     5.15455
      234256         100     58336.2      3804.6       525.8     110.948     7.23583
----------------------------------------------------------------------------------------------------
      250000           1       633.4       122.8        41.4     15.2995     2.96618
      250000           5      3162.2         286        69.4     45.5648     4.12104
      250000          10      6292.2       479.2        94.6     66.5137     5.06554
      250000         100     62824.2        4022       563.4     111.509      7.1388
----------------------------------------------------------------------------------------------------
