Running jacobi_stencil using 14 cores
    # blocks      Repeat      OpenMP         TBB    Taskflow    speedup1    speedup2
====================================================================================================
          16           1           3           0         1.2         2.5           0
          16           5           0           0         8.4           0           0
          16          10         0.2           0        13.8   0.0144928           0
          16         100           6           0        13.8    0.434783           0
----------------------------------------------------------------------------------------------------
         400           1           1           0        13.4   0.0746269           0
         400           5           8           0        13.6    0.588235           0
         400          10        15.8           0        12.2     1.29508           0
         400         100       161.2           3         7.6     21.2105    0.394737
----------------------------------------------------------------------------------------------------
        1296           1           5           0        12.8    0.390625           0
        1296           5          26           1        10.8     2.40741   0.0925926
        1296          10          52           1        10.8     4.81481   0.0925926
        1296         100       526.8           9          10       52.68         0.9
----------------------------------------------------------------------------------------------------
        2704           1        10.6           1        12.4    0.854839   0.0806452
        2704           5        54.6           1         9.2     5.93478    0.108696
        2704          10       109.2           2        10.2     10.7059    0.196078
        2704         100      1094.2          30          12     91.1833         2.5
----------------------------------------------------------------------------------------------------
        4624           1        18.6         2.8        10.4     1.78846    0.269231
        4624           5          94           3         7.2     13.0556    0.416667
        4624          10       187.2         4.8         6.2     30.1935    0.774194
        4624         100      1874.8        64.6        16.8     111.595     3.84524
----------------------------------------------------------------------------------------------------
        7056           1          28         2.6          10         2.8        0.26
        7056           5       143.2           5         8.6     16.6512    0.581395
        7056          10       284.8           7         5.8     49.1034      1.2069
        7056         100      2871.4         109        20.2     142.149     5.39604
----------------------------------------------------------------------------------------------------
       10000           1        40.2         4.2         7.6     5.28947    0.552632
       10000           5       201.4           7           6     33.5667     1.16667
       10000          10         405          10           5          81           2
       10000         100      4039.6         161        25.2     160.302     6.38889
----------------------------------------------------------------------------------------------------
       13456           1          54         5.2         7.2         7.5    0.722222
       13456           5       272.8           9           5       54.56         1.8
       13456          10         546          14           4       136.5         3.5
       13456         100        5415       223.4        31.8     170.283     7.02516
----------------------------------------------------------------------------------------------------
       17424           1        70.2         7.2         5.6     12.5357     1.28571
       17424           5       350.2          12         3.8     92.1579     3.15789
       17424          10       704.4        23.6           6       117.4     3.93333
       17424         100      7052.4       289.8        38.8     181.763     7.46907
----------------------------------------------------------------------------------------------------
       21904           1        88.2         9.2         4.4     20.0455     2.09091
       21904           5       444.8          15         4.4     101.091     3.40909
       21904          10       881.4          34           7     125.914     4.85714
       21904         100      8910.4       367.4        46.6      191.21     7.88412
----------------------------------------------------------------------------------------------------
       26896           1       109.8        11.2         3.2     34.3125         3.5
       26896           5       544.8        22.6         5.8      93.931     3.89655
       26896          10      1087.6        45.6         8.4     129.476     5.42857
       26896         100     10943.4       457.4        55.4     197.534     8.25632
----------------------------------------------------------------------------------------------------
       32400           1       131.8        13.4         4.2      31.381     3.19048
       32400           5       657.2        31.4           7     93.8857     4.48571
       32400          10        1310        59.2        10.2     128.431     5.80392
       32400         100       13089       550.8          65     201.369     8.47385
----------------------------------------------------------------------------------------------------
       38416           1       156.6        16.4         5.2     30.1154     3.15385
       38416           5         785        41.6         8.4     93.4524     4.95238
       38416          10        1567        73.8        12.2     128.443     6.04918
       38416         100     15503.8       655.4        75.6     205.077     8.66931
----------------------------------------------------------------------------------------------------
       44944           1         183        20.6         6.2     29.5161     3.32258
       44944           5       916.2        50.8          10       91.62        5.08
       44944          10        1828          89        14.4     126.944     6.18056
       44944         100     18197.2       772.2          84     216.633     9.19286
----------------------------------------------------------------------------------------------------
       51984           1       211.6        25.6         7.6     27.8421     3.36842
       51984           5      1055.4        59.8        11.2     94.2321     5.33929
       51984          10      2127.6       103.4        16.2     131.333     6.38272
       51984         100     21019.6       889.2          92     228.474     9.66522
----------------------------------------------------------------------------------------------------
       59536           1       243.6        30.2         8.4          29     3.59524
       59536           5      1222.2        70.4          13     94.0154     5.41538
       59536          10      2422.6       120.4          18     134.589     6.68889
       59536         100     24372.6      1025.6       102.6      237.55      9.9961
----------------------------------------------------------------------------------------------------
       67600           1       274.8        33.8          10       27.48        3.38
       67600           5      1383.4        78.8        15.2     91.0132     5.18421
       67600          10        2749       137.2          21     130.905     6.53333
       67600         100     27366.8      1167.2       112.6     243.044     10.3659
----------------------------------------------------------------------------------------------------
       76176           1       310.6        37.4        11.6     26.7759     3.22414
       76176           5        1555        89.8        17.6     88.3523     5.10227
       76176          10      3100.2       153.8        23.8     130.261     6.46218
       76176         100       30992      1307.2       123.4     251.151     10.5932
----------------------------------------------------------------------------------------------------
       85264           1         350        43.2        13.2     26.5152     3.27273
       85264           5      1729.6       100.8        19.2     90.0833        5.25
       85264          10        3461       172.4        26.2     132.099     6.58015
       85264         100       34725      1457.6       138.8      250.18     10.5014
----------------------------------------------------------------------------------------------------
       94864           1         389        48.6        14.4     27.0139       3.375
       94864           5      1922.2       113.2        21.6     88.9907     5.24074
       94864          10        3847       193.6        30.4     126.546     6.36842
       94864         100     38540.6        1636       153.8     250.589     10.6372
----------------------------------------------------------------------------------------------------
      104976           1       434.8        54.6        16.6     26.1928     3.28916
      104976           5        2145         126        23.8     90.1261     5.29412
      104976          10        4264       213.6        32.4     131.605     6.59259
      104976         100     42936.4      1786.2       169.6     253.163     10.5318
----------------------------------------------------------------------------------------------------
      115600           1       471.6        60.6        17.8     26.4944     3.40449
      115600           5      2374.2         139          27     87.9333     5.14815
      115600          10      4714.6       235.6        35.8     131.693     6.58101
      115600         100     47124.4      1978.2       185.4     254.177     10.6699
----------------------------------------------------------------------------------------------------
      126736           1       524.2        66.2        19.4     27.0206     3.41237
      126736           5        2581       153.2        30.4     84.9013     5.03947
      126736          10      5122.8         259          41     124.946     6.31707
      126736         100       51354      2137.8       207.6      247.37     10.2977
----------------------------------------------------------------------------------------------------
      138384           1       570.2        73.8        21.6     26.3981     3.41667
      138384           5      2811.8         169        33.6     83.6845     5.02976
      138384          10        5627       282.2        45.2     124.491     6.24336
      138384         100       56219      2383.8       228.8     245.712     10.4187
----------------------------------------------------------------------------------------------------
      150544           1       619.8        79.4        23.8      26.042     3.33613
      150544           5      3066.2       180.8        37.8     81.1164     4.78307
      150544          10      6104.6       306.2        50.6     120.644     6.05138
      150544         100     61497.6      2579.2       247.8     248.174     10.4084
----------------------------------------------------------------------------------------------------
      163216           1       668.4        87.2        26.4     25.3182     3.30303
      163216           5      3298.2         198        40.8     80.8382     4.85294
      163216          10      6630.4         334        54.4     121.882     6.13971
      163216         100     66044.2      2801.6       270.4     244.246     10.3609
----------------------------------------------------------------------------------------------------
      176400           1       726.8          94        27.8     26.1439     3.38129
      176400           5      3572.2       215.6          44     81.1864         4.9
      176400          10      7152.8       362.4        58.4     122.479     6.20548
      176400         100       71981      3031.2       297.6     241.872     10.1855
----------------------------------------------------------------------------------------------------
      190096           1       779.6       103.6          30     25.9867     3.45333
      190096           5      3876.2       232.6        48.4     80.0868     4.80579
      190096          10        7817       391.2          62     126.081     6.30968
      190096         100     76883.8      3277.6       318.4     241.469      10.294
----------------------------------------------------------------------------------------------------
      204304           1       839.2       111.2        33.4     25.1257     3.32934
      204304           5      4147.6       248.6        52.6     78.8517     4.72624
      204304          10      8348.6       418.8        68.2     122.413     6.14076
      204304         100     83177.6        3503       346.2     240.259     10.1184
----------------------------------------------------------------------------------------------------
      219024           1       903.2         118        35.4     25.5141     3.33333
      219024           5        4461         265        55.4     80.5235     4.78339
      219024          10      8935.2       445.8          72       124.1     6.19167
      219024         100     88480.2      3708.6       366.4     241.485     10.1217
----------------------------------------------------------------------------------------------------
      234256           1       957.8         127        37.8     25.3386     3.35979
      234256           5      4787.8       278.4        59.4     80.6027     4.68687
      234256          10      9565.6       475.4        76.6     124.877     6.20627
      234256         100       94435      4025.4       390.4     241.893      10.311
----------------------------------------------------------------------------------------------------
      250000           1      1022.2       132.6        40.8     25.0539        3.25
      250000           5      5106.2       297.4        62.2     82.0932     4.78135
      250000          10       10064       509.2        81.6     123.333      6.2402
      250000         100      100984      4259.4       415.8     242.866     10.2439
----------------------------------------------------------------------------------------------------
