Running jacobi_stencil using 5 cores
    # blocks      Repeat      OpenMP         TBB    Taskflow    speedup1    speedup2
====================================================================================================
          16           1           0           0         2.6           0           0
          16           5           0           0         2.4           0           0
          16          10         1.6           0         9.8    0.163265           0
          16         100           2           0         2.8    0.714286           0
----------------------------------------------------------------------------------------------------
         400           1           0           0           0        -nan        -nan
         400           5         2.2           0           6    0.366667           0
         400          10         5.2           0           2         2.6           0
         400         100        58.6           2         7.2     8.13889    0.277778
----------------------------------------------------------------------------------------------------
        1296           1         1.2           0           8        0.15           0
        1296           5           9           0         9.8    0.918367           0
        1296          10        18.4           1         7.6     2.42105    0.131579
        1296         100       191.2           8         7.8     24.5128     1.02564
----------------------------------------------------------------------------------------------------
        2704           1         3.8         0.2         9.2    0.413043   0.0217391
        2704           5        19.4           1         6.4     3.03125     0.15625
        2704          10        39.8           2           6     6.63333    0.333333
        2704         100       397.8        24.6          12       33.15        2.05
----------------------------------------------------------------------------------------------------
        4624           1           6           1         4.6     1.30435    0.217391
        4624           5        33.4           2         6.8     4.91176    0.294118
        4624          10        68.4           4           6        11.4    0.666667
        4624         100       664.6        54.4        19.2     34.6146     2.83333
----------------------------------------------------------------------------------------------------
        7056           1        12.6         2.2         7.8     1.61538    0.282051
        7056           5        52.2           4         5.4     9.66667    0.740741
        7056          10         105           6         5.2     20.1923     1.15385
        7056         100      1053.6          91        20.6     51.1456     4.41748
----------------------------------------------------------------------------------------------------
       10000           1        14.2         3.2         7.6     1.86842    0.421053
       10000           5        73.8           5         5.6     13.1786    0.892857
       10000          10       152.4           8         4.8       31.75     1.66667
       10000         100      1510.6       133.6          28       53.95     4.77143
----------------------------------------------------------------------------------------------------
       13456           1        19.6         4.2         6.2     3.16129    0.677419
       13456           5        97.6           7         4.4     22.1818     1.59091
       13456          10       200.4          11         4.2     47.7143     2.61905
       13456         100      1996.6       185.4        35.2     56.7216     5.26705
----------------------------------------------------------------------------------------------------
       17424           1        28.2         5.2           5        5.64        1.04
       17424           5       132.4         9.8           3     44.1333     3.26667
       17424          10         256          19         5.2     49.2308     3.65385
       17424         100      2584.4       241.6        43.6     59.2752     5.54128
----------------------------------------------------------------------------------------------------
       21904           1        33.8         7.2         3.4     9.94118     2.11765
       21904           5         164          12           4          41           3
       21904          10         325        27.8         6.6     49.2424     4.21212
       21904         100      3253.4       300.6        53.6     60.6978     5.60821
----------------------------------------------------------------------------------------------------
       26896           1        39.4         8.8         3.2     12.3125        2.75
       26896           5       200.2        18.2           5       40.04        3.64
       26896          10       403.2        37.8         8.4          48         4.5
       26896         100      3987.8       380.4        63.6     62.7013     5.98113
----------------------------------------------------------------------------------------------------
       32400           1        47.8        11.2         3.4     14.0588     3.29412
       32400           5       235.6          26         6.6      35.697     3.93939
       32400          10       484.4        49.6        10.2     47.4902     4.86275
       32400         100      4805.4       462.6        74.6     64.4155     6.20107
----------------------------------------------------------------------------------------------------
       38416           1        56.4        13.4         4.2     13.4286     3.19048
       38416           5       284.2        34.8           8      35.525        4.35
       38416          10       556.2        60.4        12.2     45.5902     4.95082
       38416         100      5691.8       547.4          88     64.6795     6.22045
----------------------------------------------------------------------------------------------------
       44944           1        66.4        16.6         5.4     12.2963     3.07407
       44944           5       327.8        41.8         9.6     34.1458     4.35417
       44944          10         658        72.8        14.4     45.6944     5.05556
       44944         100      6479.6       642.8       101.2     64.0277     6.35178
----------------------------------------------------------------------------------------------------
       51984           1        76.4        20.4         6.6     11.5758     3.09091
       51984           5       377.8        49.4        11.4     33.1404     4.33333
       51984          10       756.4          86        17.2     43.9767           5
       51984         100      7585.6       735.6         115     65.9617     6.39652
----------------------------------------------------------------------------------------------------
       59536           1        87.4        24.8           8      10.925         3.1
       59536           5       431.8        58.8        13.4     32.2239     4.38806
       59536          10       864.8         100        20.8     41.5769     4.80769
       59536         100      8763.8         851       131.4     66.6956     6.47641
----------------------------------------------------------------------------------------------------
       67600           1        99.4        27.6         9.6     10.3542       2.875
       67600           5       475.8        65.4          16     29.7375      4.0875
       67600          10       952.6       113.2          24     39.6917     4.71667
       67600         100      9625.6         958       149.6     64.3422     6.40374
----------------------------------------------------------------------------------------------------
       76176           1       110.4        31.8          11     10.0364     2.89091
       76176           5         547        74.8        19.8     27.6263     3.77778
       76176          10      1080.8       127.4          27     40.0296     4.71852
       76176         100     11191.6      1073.4       171.4     65.2952     6.26254
----------------------------------------------------------------------------------------------------
       85264           1         120        35.4        12.4     9.67742     2.85484
       85264           5       615.8          84        21.4     28.7757     3.92523
       85264          10      1243.4       145.4        31.8     39.1006     4.57233
       85264         100     12402.6      1199.2         198     62.6394     6.05657
----------------------------------------------------------------------------------------------------
       94864           1       141.4        40.2          14        10.1     2.87143
       94864           5         679        94.6        24.4     27.8279     3.87705
       94864          10      1369.6       162.8        35.6     38.4719     4.57303
       94864         100       13989      1352.2       227.2     61.5713     5.95158
----------------------------------------------------------------------------------------------------
      104976           1       150.4        44.8        15.8     9.51899     2.83544
      104976           5       737.6       103.4        28.2      26.156     3.66667
      104976          10      1513.6       177.4        40.4     37.4653     4.39109
      104976         100       15370      1503.2       257.4     59.7125     5.83994
----------------------------------------------------------------------------------------------------
      115600           1       169.6        50.2        17.6     9.63636     2.85227
      115600           5       831.6       113.2          32     25.9875      3.5375
      115600          10        1695       195.2        44.6     38.0045     4.37668
      115600         100     16734.6      1652.8       289.8     57.7453     5.70324
----------------------------------------------------------------------------------------------------
      126736           1       186.8        55.4        19.8     9.43434     2.79798
      126736           5       897.2       125.6          35     25.6343     3.58857
      126736          10      1823.4       211.4        50.4     36.1786     4.19444
      126736         100     18031.4      1780.2         321     56.1726     5.54579
----------------------------------------------------------------------------------------------------
      138384           1         201        60.4        21.4     9.39252     2.82243
      138384           5      1014.4       136.6          39     26.0103     3.50256
      138384          10      1978.6       232.2        56.2     35.2064     4.13167
      138384         100     19904.6      1997.8       359.8     55.3213     5.55253
----------------------------------------------------------------------------------------------------
      150544           1       216.8        65.8        24.4     8.88525     2.69672
      150544           5        1056         151        43.2     24.4444     3.49537
      150544          10      2189.2       250.6        62.2     35.1961     4.02894
      150544         100     21568.6      2150.8       395.2     54.5764     5.44231
----------------------------------------------------------------------------------------------------
      163216           1       238.8        72.2        27.2     8.77941     2.65441
      163216           5        1169       162.4        46.8     24.9786     3.47009
      163216          10      2347.8       272.6          67     35.0418     4.06866
      163216         100     23436.2      2360.8       433.2     54.1002     5.44968
----------------------------------------------------------------------------------------------------
      176400           1       261.6        78.4          29     9.02069     2.70345
      176400           5        1275       175.6        51.2     24.9023     3.42969
      176400          10      2457.4       302.6          73      33.663     4.14521
      176400         100     25659.8      2525.2         471     54.4794     5.36136
----------------------------------------------------------------------------------------------------
      190096           1       275.4        84.4        31.6     8.71519     2.67089
      190096           5        1380       190.8        55.8     24.7312     3.41935
      190096          10      2738.4       322.6        80.2     34.1446     4.02244
      190096         100       27547      2713.8       513.2     53.6769       5.288
----------------------------------------------------------------------------------------------------
      204304           1         296        92.4        34.8     8.50575     2.65517
      204304           5      1499.6         205        61.2     24.5033     3.34967
      204304          10      2967.2       352.4        87.8      33.795     4.01367
      204304         100     29637.8      2906.8       557.6     53.1524     5.21306
----------------------------------------------------------------------------------------------------
      219024           1       321.4       100.4        37.8     8.50265     2.65608
      219024           5      1537.8       221.2        67.4      22.816      3.2819
      219024          10      3073.2       377.2        94.6     32.4863     3.98732
      219024         100     31872.6      3108.4       599.6     53.1564     5.18412
----------------------------------------------------------------------------------------------------
      234256           1         339       107.6        40.4     8.39109     2.66337
      234256           5        1677       235.6        71.6     23.4218      3.2905
      234256          10      3324.6         404         101     32.9168           4
      234256         100     34418.4        3304       643.4     53.4946     5.13522
----------------------------------------------------------------------------------------------------
      250000           1       356.2       113.8        43.6     8.16972     2.61009
      250000           5      1781.8       252.2        74.6     23.8847      3.3807
      250000          10      3542.8       423.6       106.8     33.1723     3.96629
      250000         100     35740.2      3477.2       693.6     51.5285     5.01326
----------------------------------------------------------------------------------------------------
