Running jacobi_stencil using 7 cores
    # blocks      Repeat      OpenMP         TBB    Taskflow    speedup1    speedup2
====================================================================================================
          16           1           0           0         0.2           0           0
          16           5           0           0           0        -nan        -nan
          16          10           0           0         0.8           0           0
          16         100         2.8           0         4.4    0.636364           0
----------------------------------------------------------------------------------------------------
         400           1           0           0         1.6           0           0
         400           5         5.6           0         0.4          14           0
         400          10           7           0           7           1           0
         400         100        73.6           2         6.6     11.1515     0.30303
----------------------------------------------------------------------------------------------------
        1296           1           2           0        11.2    0.178571           0
        1296           5        11.8         0.2         9.4     1.25532   0.0212766
        1296          10        24.2           1        10.2     2.37255   0.0980392
        1296         100         241           8         7.4     32.5676     1.08108
----------------------------------------------------------------------------------------------------
        2704           1           5           1         6.4     0.78125     0.15625
        2704           5        25.2           1         7.4     3.40541    0.135135
        2704          10        49.8           2         7.6     6.55263    0.263158
        2704         100         499        25.4          10        49.9        2.54
----------------------------------------------------------------------------------------------------
        4624           1        10.4         1.4         7.8     1.33333    0.179487
        4624           5        42.4           2         7.8      5.4359     0.25641
        4624          10        86.4           4         6.2     13.9355    0.645161
        4624         100       861.2          56          15     57.4133     3.73333
----------------------------------------------------------------------------------------------------
        7056           1          13           2         7.8     1.66667     0.25641
        7056           5        65.2           4         6.4     10.1875       0.625
        7056          10       130.4           6         5.2     25.0769     1.15385
        7056         100      1297.2        93.8        20.2     64.2178     4.64356
----------------------------------------------------------------------------------------------------
       10000           1        17.8         3.4         5.8     3.06897    0.586207
       10000           5        91.4           5           5       18.28           1
       10000          10         186         8.4         4.8       38.75        1.75
       10000         100      1851.6         139        27.4     67.5766     5.07299
----------------------------------------------------------------------------------------------------
       13456           1        25.2         4.2         5.6         4.5        0.75
       13456           5       125.2         7.2           5       25.04        1.44
       13456          10       255.6        11.8         4.2     60.8571     2.80952
       13456         100      2513.4       193.8        34.8     72.2241     5.56897
----------------------------------------------------------------------------------------------------
       17424           1        32.6         5.4           5        6.52        1.08
       17424           5       163.2          10           3        54.4     3.33333
       17424          10       323.6        19.2         5.8     55.7931     3.31034
       17424         100      3254.6         251        43.8     74.3059     5.73059
----------------------------------------------------------------------------------------------------
       21904           1        39.6         7.2         3.6          11           2
       21904           5       201.6        12.4           4        50.4         3.1
       21904          10       403.6          29           7     57.6571     4.14286
       21904         100        4037       322.4        52.6      76.749     6.12928
----------------------------------------------------------------------------------------------------
       26896           1        49.8         9.2           3        16.6     3.06667
       26896           5       249.2        19.2           5       49.84        3.84
       26896          10       500.2        39.2         8.2          61     4.78049
       26896         100        5029       393.8        63.2     79.5728     6.23101
----------------------------------------------------------------------------------------------------
       32400           1        59.6        11.2         3.4     17.5294     3.29412
       32400           5       302.6        27.2         6.2     48.8065      4.3871
       32400          10       604.6        51.4         9.6     62.9792     5.35417
       32400         100      6095.4         483        71.6     85.1313     6.74581
----------------------------------------------------------------------------------------------------
       38416           1        72.8        13.4         4.2     17.3333     3.19048
       38416           5       360.6        35.8           8      45.075       4.475
       38416          10       712.8        65.4        12.4     57.4839     5.27419
       38416         100      7124.8       577.4        82.4      86.466     7.00728
----------------------------------------------------------------------------------------------------
       44944           1        83.6        17.2         5.4     15.4815     3.18519
       44944           5       414.4        43.6         9.6     43.1667     4.54167
       44944          10       832.2          77        14.4     57.7917     5.34722
       44944         100      8295.2         671        95.2     87.1345     7.04832
----------------------------------------------------------------------------------------------------
       51984           1        97.8        21.6         6.8     14.3824     3.17647
       51984           5         488        52.2        11.4      42.807     4.57895
       51984          10       980.2        91.2        16.6     59.0482     5.49398
       51984         100      9653.2       777.6       109.6     88.0766     7.09489
----------------------------------------------------------------------------------------------------
       59536           1       111.4        25.6           8      13.925         3.2
       59536           5       553.6        60.2        13.2     41.9394     4.56061
       59536          10      1107.4       104.6          20       55.37        5.23
       59536         100     11121.2       896.2       121.6     91.4572     7.37007
----------------------------------------------------------------------------------------------------
       67600           1       127.2        28.6         9.6       13.25     2.97917
       67600           5         625        67.8        15.4     40.5844      4.4026
       67600          10      1255.6       119.6        22.2     56.5586     5.38739
       67600         100       12604        1002       134.4     93.7798     7.45536
----------------------------------------------------------------------------------------------------
       76176           1       143.6        32.6        11.2     12.8214     2.91071
       76176           5       712.6        76.8          18     39.5889     4.26667
       76176          10      1418.8         134          26     54.5692     5.15385
       76176         100       14009      1145.6         155     90.3806     7.39097
----------------------------------------------------------------------------------------------------
       85264           1       163.2        37.4        12.4     13.1613     3.01613
       85264           5       789.8        86.8        20.4     38.7157      4.2549
       85264          10      1582.8       151.2        29.8     53.1141     5.07383
       85264         100     15872.8      1278.8       176.6       89.88     7.24122
----------------------------------------------------------------------------------------------------
       94864           1         183        41.8        14.2     12.8873     2.94366
       94864           5       886.8        97.8        23.6     37.5763     4.14407
       94864          10      1750.4         168        33.8      51.787     4.97041
       94864         100     17649.6      1403.8       199.2     88.6024     7.04719
----------------------------------------------------------------------------------------------------
      104976           1       196.6        46.2        15.8      12.443     2.92405
      104976           5       971.8       108.6        26.6     36.5338     4.08271
      104976          10      1948.2         185        37.8     51.5397     4.89418
      104976         100     19509.6      1548.6       227.4     85.7942     6.81003
----------------------------------------------------------------------------------------------------
      115600           1       215.6          51        17.4     12.3908     2.93103
      115600           5      1069.8         118        30.6     34.9608     3.85621
      115600          10      2129.8       204.2          43     49.5302     4.74884
      115600         100     21351.8      1717.2       253.6     84.1948     6.77129
----------------------------------------------------------------------------------------------------
      126736           1       240.6        57.2        19.4     12.4021     2.94845
      126736           5      1175.2       130.4        33.8     34.7692     3.85799
      126736          10      2296.6       223.6        47.4     48.4515      4.7173
      126736         100       23783      1883.8       286.8     82.9254     6.56834
----------------------------------------------------------------------------------------------------
      138384           1         260        61.4        21.4     12.1495     2.86916
      138384           5      1288.6       143.2        37.8     34.0899     3.78836
      138384          10        2580       246.6        52.8     48.8636     4.67045
      138384         100     25357.6      2095.8       313.2      80.963     6.69157
----------------------------------------------------------------------------------------------------
      150544           1       281.4        68.8        23.8     11.8235     2.89076
      150544           5        1378         157          41     33.6098     3.82927
      150544          10      2779.4       267.2        56.2     49.4555     4.75445
      150544         100     28252.6        2248       347.4     81.3258     6.47093
----------------------------------------------------------------------------------------------------
      163216           1       312.2        75.2        26.8     11.6493     2.80597
      163216           5      1515.6         171        45.8     33.0917     3.73362
      163216          10      3063.6       290.6        61.4     49.8958      4.7329
      163216         100     30438.6        2430       381.4     79.8076     6.37126
----------------------------------------------------------------------------------------------------
      176400           1       331.8        80.8        28.8     11.5208     2.80556
      176400           5      1635.8       183.8        49.4     33.1134     3.72065
      176400          10      3281.2       315.6        69.8     47.0086     4.52149
      176400         100     32568.2      2653.8         416     78.2889     6.37933
----------------------------------------------------------------------------------------------------
      190096           1       361.8        85.8        31.6     11.4494     2.71519
      190096           5      1790.6       197.2        54.2     33.0369     3.63838
      190096          10      3529.2       335.4        74.2     47.5633     4.52022
      190096         100     35064.6      2843.4       448.2     78.2343     6.34404
----------------------------------------------------------------------------------------------------
      204304           1         377        93.8          34     11.0882     2.75882
      204304           5      1885.8       214.4        58.8     32.0714     3.64626
      204304          10        3800       361.6        80.4     47.2637     4.49751
      204304         100     37454.2      3041.8       485.2     77.1933     6.26917
----------------------------------------------------------------------------------------------------
      219024           1       405.4         101          37     10.9568     2.72973
      219024           5        2040       230.8          64      31.875     3.60625
      219024          10      4042.6       394.4        88.2     45.8345     4.47166
      219024         100     40791.4      3251.2       532.4      76.618     6.10669
----------------------------------------------------------------------------------------------------
      234256           1       445.2       109.6        39.6     11.2424     2.76768
      234256           5      2172.8       246.4        67.4     32.2374     3.65579
      234256          10      4333.6       417.4          93     46.5978     4.48817
      234256         100     43694.4      3496.6       559.6     78.0815     6.24839
----------------------------------------------------------------------------------------------------
      250000           1         465       115.2        42.4      10.967     2.71698
      250000           5      2308.2         264        72.2     31.9695     3.65651
      250000          10      4669.4         450        99.6     46.8815     4.51807
      250000         100       46443      3689.6       603.4     76.9688     6.11468
----------------------------------------------------------------------------------------------------
