Running jacobi_stencil using 12 cores
    # blocks      Repeat      OpenMP         TBB    Taskflow    speedup1    speedup2
====================================================================================================
          16           1           3           0        10.4    0.288462           0
          16           5           0           0         1.8           0           0
          16          10           0           0         3.2           0           0
          16         100           5           0         5.2    0.961538           0
----------------------------------------------------------------------------------------------------
         400           1           1           0         0.6     1.66667           0
         400           5           6           0        12.6     0.47619           0
         400          10          13           0          12     1.08333           0
         400         100       133.8           3         6.8     19.6765    0.441176
----------------------------------------------------------------------------------------------------
        1296           1           4           0        12.6     0.31746           0
        1296           5        21.6         0.2        10.4     2.07692   0.0192308
        1296          10          43           1        10.4     4.13462   0.0961538
        1296         100       434.4           9          10       43.44         0.9
----------------------------------------------------------------------------------------------------
        2704           1           9           1        12.2    0.737705   0.0819672
        2704           5        45.2           1          11     4.10909   0.0909091
        2704          10        89.8           2         9.4     9.55319    0.212766
        2704         100       903.6        29.4          12        75.3        2.45
----------------------------------------------------------------------------------------------------
        4624           1          15         1.2        10.8     1.38889    0.111111
        4624           5        77.2           3         8.6     8.97674    0.348837
        4624          10       155.8           4           7     22.2571    0.571429
        4624         100      1559.4        64.4        16.8     92.8214     3.83333
----------------------------------------------------------------------------------------------------
        7056           1        23.6         2.2         9.8     2.40816     0.22449
        7056           5         118           4         7.4     15.9459    0.540541
        7056          10       237.6           7         6.2     38.3226     1.12903
        7056         100        2375         107        21.8     108.945     4.90826
----------------------------------------------------------------------------------------------------
       10000           1        33.4         3.2         8.8     3.79545    0.363636
       10000           5       166.6           6           6     27.7667           1
       10000          10         334          10           5        66.8           2
       10000         100      3362.8       155.6        28.4     118.408     5.47887
----------------------------------------------------------------------------------------------------
       13456           1        44.8         5.2         6.8     6.58824    0.764706
       13456           5       226.2         8.6           5       45.24        1.72
       13456          10       452.2        13.2           5       90.44        2.64
       13456         100      4495.4       217.8        35.8      125.57      6.0838
----------------------------------------------------------------------------------------------------
       17424           1          58         6.2         5.8          10     1.06897
       17424           5       292.2          11           4       73.05        2.75
       17424          10       588.8        22.2           6     98.1333         3.7
       17424         100      5844.2       282.6          44     132.823     6.42273
----------------------------------------------------------------------------------------------------
       21904           1        73.4         8.2         4.2     17.4762     1.95238
       21904           5         368        14.2         4.8     76.6667     2.95833
       21904          10       736.2        32.4           7     105.171     4.62857
       21904         100      7328.8       364.4        52.6     139.331     6.92776
----------------------------------------------------------------------------------------------------
       26896           1        89.8        10.2         3.2     28.0625      3.1875
       26896           5       450.2        21.8           6     75.0333     3.63333
       26896          10         897        44.4           9     99.6667     4.93333
       26896         100      9029.2         445        64.6     139.771     6.88854
----------------------------------------------------------------------------------------------------
       32400           1       108.4        12.8           4        27.1         3.2
       32400           5       543.8        30.6           7     77.6857     4.37143
       32400          10      1087.4          58        10.8     100.685     5.37037
       32400         100     10866.4       543.2        73.8     147.241     7.36043
----------------------------------------------------------------------------------------------------
       38416           1       129.6        15.4           5       25.92        3.08
       38416           5       646.8        40.2           9     71.8667     4.46667
       38416          10      1298.8        71.4        13.2     98.3939     5.40909
       38416         100     12814.4         640        83.8     152.916     7.63723
----------------------------------------------------------------------------------------------------
       44944           1       150.4        19.6           6     25.0667     3.26667
       44944           5         760        48.8          10          76        4.88
       44944          10      1505.8        86.4          15     100.387        5.76
       44944         100     15108.2       739.6        90.4     167.126     8.18142
----------------------------------------------------------------------------------------------------
       51984           1       174.8        24.2         7.4     23.6216     3.27027
       51984           5       867.6        57.6        11.6     74.7931     4.96552
       51984          10      1742.6          99          17     102.506     5.82353
       51984         100     17410.8       866.2         100     174.108       8.662
----------------------------------------------------------------------------------------------------
       59536           1       201.8          29         8.6     23.4651     3.37209
       59536           5        1005        67.2        13.2     76.1364     5.09091
       59536          10      2010.8       114.8        19.8     101.556     5.79798
       59536         100     20220.4       991.2       109.4      184.83     9.06033
----------------------------------------------------------------------------------------------------
       67600           1       231.4        32.4          10       23.14        3.24
       67600           5      1130.2        76.4        15.4     73.3896     4.96104
       67600          10      2261.8       130.8        22.6      100.08     5.78761
       67600         100     22605.2      1117.8         122     185.289      9.1623
----------------------------------------------------------------------------------------------------
       76176           1         260        36.4        11.6     22.4138     3.13793
       76176           5      1298.2        86.4        17.8     72.9326     4.85393
       76176          10      2577.2         147        24.6     104.764     5.97561
       76176         100       25745      1264.6       135.6      189.86     9.32596
----------------------------------------------------------------------------------------------------
       85264           1         288          41        12.6     22.8571     3.25397
       85264           5      1432.2          97        19.8     72.3333     4.89899
       85264          10      2875.4       167.4        27.4     104.942     6.10949
       85264         100     28649.2      1392.8       149.8      191.25     9.29773
----------------------------------------------------------------------------------------------------
       94864           1       320.4        45.8        14.6     21.9452     3.13699
       94864           5      1617.8         107        21.8      74.211     4.90826
       94864          10        3206       183.2        30.4     105.461     6.02632
       94864         100     31740.8      1552.6       168.4     188.485     9.21971
----------------------------------------------------------------------------------------------------
      104976           1       353.8        51.4          16     22.1125      3.2125
      104976           5      1768.2       118.2        24.8     71.2984     4.76613
      104976          10      3548.4         204        33.6     105.607     6.07143
      104976         100     35462.8      1711.8       186.6     190.047     9.17363
----------------------------------------------------------------------------------------------------
      115600           1       392.2        56.8        17.8     22.0337     3.19101
      115600           5      1970.4       132.8        27.8     70.8777     4.77698
      115600          10      3915.4       226.4        37.6     104.133     6.02128
      115600         100     38891.6      1887.8       208.4      186.62     9.05854
----------------------------------------------------------------------------------------------------
      126736           1       431.4        62.4        19.4     22.2371     3.21649
      126736           5      2131.4       148.2          31     68.7548     4.78065
      126736          10      4268.8       245.6          42     101.638     5.84762
      126736         100       42566        2076       230.4     184.748     9.01042
----------------------------------------------------------------------------------------------------
      138384           1       473.4        69.4        21.8     21.7156     3.18349
      138384           5      2327.2       159.2        34.4     67.6512     4.62791
      138384          10      4643.8         274        46.6     99.6524     5.87983
      138384         100     46461.6        2299       254.2     182.776     9.04406
----------------------------------------------------------------------------------------------------
      150544           1         510        77.6          23     22.1739     3.37391
      150544           5      2549.4       173.2        37.6     67.8032     4.60638
      150544          10      5081.8       298.8        51.4     98.8677     5.81323
      150544         100     50602.6        2459       278.8     181.501     8.81994
----------------------------------------------------------------------------------------------------
      163216           1       549.2        82.8        26.2     20.9618     3.16031
      163216           5      2745.2       190.8        41.8     65.6746     4.56459
      163216          10      5462.8       323.8        56.4     96.8582     5.74113
      163216         100       54835      2694.2       302.8     181.093     8.89762
----------------------------------------------------------------------------------------------------
      176400           1       603.8          91        28.8     20.9653     3.15972
      176400           5      2975.8       207.2        45.4     65.5463     4.56388
      176400          10      5936.4       347.6        60.6     97.9604     5.73597
      176400         100     58832.2      2942.4         329     178.821     8.94347
----------------------------------------------------------------------------------------------------
      190096           1       642.4        97.8        30.6     20.9935     3.19608
      190096           5      3197.6       219.6        49.6     64.4677     4.42742
      190096          10      6368.2       374.2        66.2     96.1964     5.65257
      190096         100     63651.2      3141.8       357.6     177.996     8.78579
----------------------------------------------------------------------------------------------------
      204304           1         693         106        33.2     20.8735     3.19277
      204304           5        3457       238.4          55     62.8545     4.33455
      204304          10      6908.6       404.8        72.2      95.687     5.60665
      204304         100       68480      3346.6       385.6     177.593     8.67894
----------------------------------------------------------------------------------------------------
      219024           1         743         113        35.8     20.7542     3.15642
      219024           5      3677.2       255.2        57.6     63.8403     4.43056
      219024          10      7353.4       437.4        76.4     96.2487     5.72513
      219024         100       72917      3591.4       410.6     177.586     8.74671
----------------------------------------------------------------------------------------------------
      234256           1       791.2         123          40       19.78       3.075
      234256           5      3927.8         272        61.8     63.5566     4.40129
      234256          10      7887.2       457.4        81.6     96.6569     5.60539
      234256         100     79587.8      3850.6         438     181.707     8.79132
----------------------------------------------------------------------------------------------------
      250000           1       843.4       128.4        40.8     20.6716     3.14706
      250000           5      4223.8       288.8        65.8     64.1915     4.38906
      250000          10      8366.2       493.4        85.6      97.736     5.76402
      250000         100     83653.8      4110.4         473     176.858     8.69006
----------------------------------------------------------------------------------------------------
