Running jacobi_stencil using 6 cores
    # blocks      Repeat      OpenMP         TBB    Taskflow    speedup1    speedup2
====================================================================================================
          16           1           0           0           3           0           0
          16           5           0           0         2.6           0           0
          16          10           0           0         8.8           0           0
          16         100           2           0         4.6    0.434783           0
----------------------------------------------------------------------------------------------------
         400           1           0           0           0        -nan        -nan
         400           5           3           0           9    0.333333           0
         400          10           6           0         9.4    0.638298           0
         400         100        64.2           2           8       8.025        0.25
----------------------------------------------------------------------------------------------------
        1296           1           2           0         6.8    0.294118           0
        1296           5        10.2           0        10.2           1           0
        1296          10        20.6           1         7.6     2.71053    0.131579
        1296         100         212           8         7.6     27.8947     1.05263
----------------------------------------------------------------------------------------------------
        2704           1           4         0.6         6.4       0.625     0.09375
        2704           5        21.4           1         7.2     2.97222    0.138889
        2704          10        43.6           2         8.2     5.31707    0.243902
        2704         100       443.8        24.8        10.4     42.6731     2.38462
----------------------------------------------------------------------------------------------------
        4624           1         9.4           1         8.2     1.14634    0.121951
        4624           5          37           2         7.8     4.74359     0.25641
        4624          10        74.2           4         5.8     12.7931    0.689655
        4624         100       755.8        54.2        16.6     45.5301     3.26506
----------------------------------------------------------------------------------------------------
        7056           1          11         2.4         7.6     1.44737    0.315789
        7056           5        57.6           4         5.8     9.93103    0.689655
        7056          10       115.6           6         5.2     22.2308     1.15385
        7056         100      1147.4        91.6          23      49.887     3.98261
----------------------------------------------------------------------------------------------------
       10000           1        15.6         3.2           7     2.22857    0.457143
       10000           5          81           5         5.2     15.5769    0.961538
       10000          10         163           8           5        32.6         1.6
       10000         100      1639.2         137        30.8     53.2208     4.44805
----------------------------------------------------------------------------------------------------
       13456           1        23.8         4.2         5.8     4.10345    0.724138
       13456           5       108.6           7         4.6     23.6087     1.52174
       13456          10       220.4          11           5       44.08         2.2
       13456         100      2205.8       189.8        39.6      55.702     4.79293
----------------------------------------------------------------------------------------------------
       17424           1        27.6         5.2         5.6     4.92857    0.928571
       17424           5         143         9.8         3.6     39.7222     2.72222
       17424          10       286.6        19.6           6     47.7667     3.26667
       17424         100      2865.4       249.2        49.6     57.7702     5.02419
----------------------------------------------------------------------------------------------------
       21904           1        35.4         7.2         3.6     9.83333           2
       21904           5       177.8          12         4.6     38.6522      2.6087
       21904          10       360.8          28         7.4     48.7568     3.78378
       21904         100      3549.8       312.6          59     60.1661     5.29831
----------------------------------------------------------------------------------------------------
       26896           1        43.4           9           3     14.4667           3
       26896           5       214.4        18.6         5.4     39.7037     3.44444
       26896          10       435.2        37.8           9     48.3556         4.2
       26896         100        4395       385.6        69.4     63.3285      5.5562
----------------------------------------------------------------------------------------------------
       32400           1        52.4        11.4           4        13.1        2.85
       32400           5       263.6        26.2           7     37.6571     3.74286
       32400          10       518.4        49.8        11.8     43.9322     4.22034
       32400         100        5248       470.8        80.6     65.1117     5.84119
----------------------------------------------------------------------------------------------------
       38416           1        61.6        13.4         4.2     14.6667     3.19048
       38416           5       308.6        34.6         8.2     37.6341     4.21951
       38416          10       626.4        63.4        13.2     47.4545     4.80303
       38416         100      6165.2       561.6        94.2      65.448     5.96178
----------------------------------------------------------------------------------------------------
       44944           1        73.6        16.6         5.6     13.1429     2.96429
       44944           5         360        42.4        10.2     35.2941     4.15686
       44944          10       719.4        75.4        15.8     45.5316     4.77215
       44944         100        7305       658.4       106.6     68.5272     6.17636
----------------------------------------------------------------------------------------------------
       51984           1          85        20.6         6.8        12.5     3.02941
       51984           5       412.4        51.2          12     34.3667     4.26667
       51984          10       842.2          89        18.4     45.7717     4.83696
       51984         100      8428.6       758.2       122.8     68.6368     6.17427
----------------------------------------------------------------------------------------------------
       59536           1        97.4        24.8           8      12.175         3.1
       59536           5       494.6        58.8        14.2      34.831     4.14085
       59536          10         984       103.2        21.2     46.4151     4.86792
       59536         100        9708       872.6       139.2     69.7414     6.26868
----------------------------------------------------------------------------------------------------
       67600           1       110.6        28.2         9.8     11.2857     2.87755
       67600           5       547.4          67        17.2     31.8256     3.89535
       67600          10      1094.4         115        24.8      44.129      4.6371
       67600         100       10888       981.8       157.4     69.1741     6.23761
----------------------------------------------------------------------------------------------------
       76176           1         125        31.8          11     11.3636     2.89091
       76176           5         610          76        19.4     31.4433     3.91753
       76176          10      1238.2       132.2        28.4     43.5986     4.65493
       76176         100     12352.2      1106.8       183.4     67.3511      6.0349
----------------------------------------------------------------------------------------------------
       85264           1       138.6        36.2        12.6          11     2.87302
       85264           5       689.4          85        22.2     31.0541     3.82883
       85264          10      1375.4         149        32.2     42.7143     4.62733
       85264         100     13661.8      1263.8       207.2     65.9353     6.09942
----------------------------------------------------------------------------------------------------
       94864           1       156.2        40.4          14     11.1571     2.88571
       94864           5       745.2        97.6        25.8     28.8837     3.78295
       94864          10      1550.4         164          37     41.9027     4.43243
       94864         100     15472.4      1371.8       234.8     65.8961     5.84242
----------------------------------------------------------------------------------------------------
      104976           1       170.6          45        15.6     10.9359     2.88462
      104976           5       857.8         107        28.2     30.4184     3.79433
      104976          10      1719.2         181        41.4     41.5266     4.37198
      104976         100     17036.6        1534       267.6     63.6644     5.73244
----------------------------------------------------------------------------------------------------
      115600           1       182.4        50.4          18     10.1333         2.8
      115600           5       924.6       115.8        31.8     29.0755     3.64151
      115600          10      1850.4       200.6        46.4     39.8793     4.32328
      115600         100     18903.6      1716.6       299.4     63.1383     5.73347
----------------------------------------------------------------------------------------------------
      126736           1       203.4        55.2        19.6     10.3776     2.81633
      126736           5        1013         128        35.4     28.6158     3.61582
      126736          10      2005.6       218.4        50.8     39.4803     4.29921
      126736         100     20278.8      1862.6       333.2     60.8607     5.59004
----------------------------------------------------------------------------------------------------
      138384           1         224        61.2        21.8     10.2752     2.80734
      138384           5      1133.4       140.8        39.8     28.4774     3.53769
      138384          10      2254.6       238.8        56.8     39.6937     4.20423
      138384         100     22407.2      2055.6         370       60.56     5.55568
----------------------------------------------------------------------------------------------------
      150544           1       240.8        67.4        24.4     9.86885      2.7623
      150544           5      1201.6         152        43.6     27.5596     3.48624
      150544          10      2404.8         265        62.8      38.293     4.21975
      150544         100     24387.8        2212       406.8     59.9503     5.43756
----------------------------------------------------------------------------------------------------
      163216           1       260.6          73        26.6     9.79699     2.74436
      163216           5      1321.2       168.2        48.6     27.1852     3.46091
      163216          10      2567.2       289.2        68.6     37.4227     4.21574
      163216         100     25993.2      2405.2         444     58.5432     5.41712
----------------------------------------------------------------------------------------------------
      176400           1       282.6        80.6          29     9.74483     2.77931
      176400           5      1414.8       180.6          52     27.2077     3.47308
      176400          10      2845.2       310.2        75.6     37.6349     4.10317
      176400         100     28453.8      2618.8       486.8     58.4507     5.37962
----------------------------------------------------------------------------------------------------
      190096           1       309.6        84.8          32       9.675        2.65
      190096           5      1544.4       197.2        56.2     27.4804      3.5089
      190096          10      3091.6       335.4        80.4     38.4527     4.17164
      190096         100     30455.2      2837.2         525     58.0099     5.40419
----------------------------------------------------------------------------------------------------
      204304           1       328.2        93.4        34.8     9.43103     2.68391
      204304           5      1662.6       208.6        62.6     26.5591     3.33227
      204304          10      3314.2         363          87     38.0943     4.17241
      204304         100     32586.2      3001.8       570.6     57.1087     5.26078
----------------------------------------------------------------------------------------------------
      219024           1       349.8         102        38.2     9.15707     2.67016
      219024           5      1776.6       227.8        67.8     26.2035     3.35988
      219024          10        3538       386.6        95.8     36.9311     4.03549
      219024         100     35036.6      3206.4       614.6     57.0072     5.21705
----------------------------------------------------------------------------------------------------
      234256           1       374.4       107.2          41     9.13171     2.61463
      234256           5        1889       242.4        71.8     26.3092     3.37604
      234256          10      3710.8       412.2         102     36.3804     4.04118
      234256         100     37376.8      3340.8       658.8     56.7347     5.07104
----------------------------------------------------------------------------------------------------
      250000           1       397.2         117        43.8     9.06849     2.67123
      250000           5      2008.6       257.2        73.8     27.2168     3.48509
      250000          10      4061.8       445.8       107.8      37.679     4.13544
      250000         100     39448.8        3653         705     55.9557     5.18156
----------------------------------------------------------------------------------------------------
