Running jacobi_stencil using 4 cores
    # blocks      Repeat      OpenMP         TBB    Taskflow    speedup1    speedup2
====================================================================================================
          16           1           0           0           8           0           0
          16           5         3.8           0           0         inf        -nan
          16          10         2.2           0         2.6    0.846154           0
          16         100           2           0         2.4    0.833333           0
----------------------------------------------------------------------------------------------------
         400           1           0           0           0        -nan        -nan
         400           5         2.8           0         2.2     1.27273           0
         400          10         5.6           0         6.4       0.875           0
         400         100        50.2           2           6     8.36667    0.333333
----------------------------------------------------------------------------------------------------
        1296           1           1           0         7.4    0.135135           0
        1296           5         7.8         0.2           2         3.9         0.1
        1296          10        18.6           1         4.2     4.42857    0.238095
        1296         100       172.4           8         7.2     23.9444     1.11111
----------------------------------------------------------------------------------------------------
        2704           1         5.2           1         3.6     1.44444    0.277778
        2704           5        16.4           1         3.4     4.82353    0.294118
        2704          10        33.8           2           8       4.225        0.25
        2704         100       349.2        25.8        12.8     27.2812     2.01562
----------------------------------------------------------------------------------------------------
        4624           1         5.4         1.2         1.8           3    0.666667
        4624           5          29           2         4.4     6.59091    0.454545
        4624          10        57.2           4         5.6     10.2143    0.714286
        4624         100         586          55          17     34.4706     3.23529
----------------------------------------------------------------------------------------------------
        7056           1           9           2         4.8       1.875    0.416667
        7056           5        44.6           4           5        8.92         0.8
        7056          10        89.4           6         5.4     16.5556     1.11111
        7056         100       909.6        90.6          24        37.9       3.775
----------------------------------------------------------------------------------------------------
       10000           1        12.2         3.4           7     1.74286    0.485714
       10000           5        64.2           5         4.6     13.9565     1.08696
       10000          10       127.6           8         4.8     26.5833     1.66667
       10000         100      1289.8         136        32.8     39.3232     4.14634
----------------------------------------------------------------------------------------------------
       13456           1          17         4.4         5.8     2.93103    0.758621
       13456           5        85.2           7         4.8       17.75     1.45833
       13456          10       172.4        11.2           5       34.48        2.24
       13456         100      1715.4       185.4        41.6     41.2356     4.45673
----------------------------------------------------------------------------------------------------
       17424           1        21.2         5.2         4.8     4.41667     1.08333
       17424           5       109.2          10           4        27.3         2.5
       17424          10       214.8        19.2           6        35.8         3.2
       17424         100      2184.2       248.4        50.8     42.9961     4.88976
----------------------------------------------------------------------------------------------------
       21904           1        26.8         7.2         3.4     7.88235     2.11765
       21904           5         133          12         4.4     30.2273     2.72727
       21904          10       270.8        27.8         7.8     34.7179      3.5641
       21904         100      2773.8       302.2        61.6     45.0292     4.90584
----------------------------------------------------------------------------------------------------
       26896           1        33.4         8.4           3     11.1333         2.8
       26896           5       162.8        18.2         5.8      28.069     3.13793
       26896          10       325.8        37.6           9        36.2     4.17778
       26896         100        3250       381.6        74.2     43.8005     5.14286
----------------------------------------------------------------------------------------------------
       32400           1          39        10.8         3.4     11.4706     3.17647
       32400           5       196.8        26.2           7     28.1143     3.74286
       32400          10         395          50        11.4     34.6491     4.38596
       32400         100      4185.8       450.8        86.2     48.5592      5.2297
----------------------------------------------------------------------------------------------------
       38416           1        48.6        13.4         4.6     10.5652     2.91304
       38416           5       240.2        34.2         8.4     28.5952     4.07143
       38416          10       480.2        62.8        13.8     34.7971     4.55072
       38416         100      4811.8         554         101     47.6416     5.48515
----------------------------------------------------------------------------------------------------
       44944           1        55.8        16.4         5.6     9.96429     2.92857
       44944           5       278.4        42.8        10.6     26.2642     4.03774
       44944          10         547        75.4          17     32.1765     4.43529
       44944         100        5492       662.4       118.4     46.3851     5.59459
----------------------------------------------------------------------------------------------------
       51984           1        64.2        20.4         6.8     9.44118           3
       51984           5       315.8        48.6        12.6     25.0635     3.85714
       51984          10       633.4        84.4        19.4     32.6495     4.35052
       51984         100      6344.8       741.4       133.8       47.42     5.54111
----------------------------------------------------------------------------------------------------
       59536           1          73        24.4         8.2     8.90244     2.97561
       59536           5         359        56.6          15     23.9333     3.77333
       59536          10         716        98.8        23.4     30.5983     4.22222
       59536         100      7239.8       843.2         154     47.0117     5.47532
----------------------------------------------------------------------------------------------------
       67600           1        85.4        27.6          10        8.54        2.76
       67600           5       422.6        65.4          18     23.4778     3.63333
       67600          10       844.2       112.2        27.2     31.0368       4.125
       67600         100      8482.2       992.6         179     47.3866     5.54525
----------------------------------------------------------------------------------------------------
       76176           1        96.2        31.4        11.6      8.2931      2.7069
       76176           5       475.4          73        20.4     23.3039     3.57843
       76176          10       946.6       129.6        31.4     30.1465     4.12739
       76176         100      9487.8      1064.4       207.2     45.7905     5.13707
----------------------------------------------------------------------------------------------------
       85264           1       107.8        35.4          13     8.29231     2.72308
       85264           5       531.6        83.4        24.4     21.7869     3.41803
       85264          10      1073.2       142.6        36.4     29.4835     3.91758
       85264         100     10720.4      1247.4       238.2     45.0059     5.23678
----------------------------------------------------------------------------------------------------
       94864           1         118        40.2        14.6     8.08219     2.75342
       94864           5       583.6        93.8          28     20.8429        3.35
       94864          10      1193.8       159.6        41.4     28.8357     3.85507
       94864         100     11573.4      1330.4       276.2     41.9022      4.8168
----------------------------------------------------------------------------------------------------
      104976           1       132.4          44        16.4     8.07317     2.68293
      104976           5       649.4       102.4        31.6     20.5506     3.24051
      104976          10      1297.2       177.6        46.6     27.8369     3.81116
      104976         100     13148.2      1467.4         313      42.007     4.68818
----------------------------------------------------------------------------------------------------
      115600           1         148        49.2        18.4     8.04348     2.67391
      115600           5       722.4       114.2        34.8     20.7586     3.28161
      115600          10      1441.4         197        50.8      28.374     3.87795
      115600         100     14443.2      1602.6         349     41.3845     4.59198
----------------------------------------------------------------------------------------------------
      126736           1       160.4          54        20.6     7.78641     2.62136
      126736           5       788.2       124.2          39     20.2103     3.18462
      126736          10        1577       215.6        57.4     27.4739      3.7561
      126736         100     15861.6      1821.4       387.2     40.9649     4.70403
----------------------------------------------------------------------------------------------------
      138384           1       178.2        58.8        23.2     7.68103     2.53448
      138384           5       875.4       137.6        43.4     20.1705     3.17051
      138384          10      1738.8       229.4        63.4     27.4259      3.6183
      138384         100     17412.4        1945         433     40.2134     4.49192
----------------------------------------------------------------------------------------------------
      150544           1       193.4        65.2        25.4     7.61417     2.56693
      150544           5       951.8       147.6        48.2     19.7469     3.06224
      150544          10      1884.6       252.2        70.4     26.7699     3.58239
      150544         100     18873.8      2118.6       475.8     39.6675     4.45271
----------------------------------------------------------------------------------------------------
      163216           1       207.4        71.4        27.6     7.51449     2.58696
      163216           5      1017.6         164        52.6      19.346     3.11787
      163216          10      2027.8       273.4        76.6     26.4726     3.56919
      163216         100     20212.2      2284.8       521.6     38.7504     4.38037
----------------------------------------------------------------------------------------------------
      176400           1       222.6        79.2        30.2     7.37086     2.62252
      176400           5      1094.6         171          58     18.8724     2.94828
      176400          10      2216.4       304.2          84     26.3857     3.62143
      176400         100       21956      2502.2       570.2     38.5058     4.38828
----------------------------------------------------------------------------------------------------
      190096           1       240.4        85.6        34.4     6.98837     2.48837
      190096           5        1184         186        62.6     18.9137     2.97125
      190096          10      2356.4       324.8        90.2     26.1242     3.60089
      190096         100     23687.6        2711         622      38.083     4.35852
----------------------------------------------------------------------------------------------------
      204304           1       260.2        91.4        37.2     6.99462     2.45699
      204304           5      1260.8       204.4        67.8     18.5959     3.01475
      204304          10      2530.4       346.8        98.8     25.6113     3.51012
      204304         100       25438      2884.6       669.4     38.0012     4.30923
----------------------------------------------------------------------------------------------------
      219024           1       277.2        98.4        40.6     6.82759     2.42365
      219024           5      1363.4       218.4        73.6     18.5245     2.96739
      219024          10      2717.8       369.4       106.8     25.4476      3.4588
      219024         100     27298.2      3086.8       720.4     37.8931     4.28484
----------------------------------------------------------------------------------------------------
      234256           1       294.4       106.6        43.6     6.75229     2.44495
      234256           5      1438.4       233.4          78      18.441     2.99231
      234256          10        2873       394.8       113.8      25.246     3.46924
      234256         100     28815.4      3315.8       781.2     36.8861      4.2445
----------------------------------------------------------------------------------------------------
      250000           1       315.6       112.2        45.6     6.92105     2.46053
      250000           5      1560.6       250.4        84.4     18.4905     2.96682
      250000          10      3105.8       422.4       119.4     26.0117     3.53769
      250000         100     30810.4      3590.8       837.6     36.7841     4.28701
----------------------------------------------------------------------------------------------------
