Running jacobi_stencil using 11 cores
    # blocks      Repeat      OpenMP         TBB    Taskflow    speedup1    speedup2
====================================================================================================
          16           1         2.6           0         0.6     4.33333           0
          16           5           0           0           0        -nan        -nan
          16          10           0           0         2.4           0           0
          16         100           4           0        10.8     0.37037           0
----------------------------------------------------------------------------------------------------
         400           1           1           0        10.4   0.0961538           0
         400           5         5.6           0        12.4    0.451613           0
         400          10          12           0        12.4    0.967742           0
         400         100         120           3         7.6     15.7895    0.394737
----------------------------------------------------------------------------------------------------
        1296           1         3.2           0        11.2    0.285714           0
        1296           5          19           0        11.6     1.63793           0
        1296          10        38.8           1        10.2     3.80392   0.0980392
        1296         100       389.2           9        10.2     38.1569    0.882353
----------------------------------------------------------------------------------------------------
        2704           1           8           1           9    0.888889    0.111111
        2704           5        40.4           1          11     3.67273   0.0909091
        2704          10          81           2         8.2     9.87805    0.243902
        2704         100         821          28          11     74.6364     2.54545
----------------------------------------------------------------------------------------------------
        4624           1        13.8         3.4         9.2         1.5    0.369565
        4624           5        69.6           3         6.8     10.2353    0.441176
        4624          10       137.6           4           5       27.52         0.8
        4624         100      1399.6          62        15.4     90.8831     4.02597
----------------------------------------------------------------------------------------------------
        7056           1          21         2.2         9.4     2.23404    0.234043
        7056           5       106.6           4         7.2     14.8056    0.555556
        7056          10       212.6           7         5.4     39.3704      1.2963
        7056         100      2135.8       105.6        21.2     100.745     4.98113
----------------------------------------------------------------------------------------------------
       10000           1          32         3.2         8.6     3.72093    0.372093
       10000           5       150.8           6         6.4     23.5625      0.9375
       10000          10         302         9.4           5        60.4        1.88
       10000         100      3020.8         152          28     107.886     5.42857
----------------------------------------------------------------------------------------------------
       13456           1        40.6         5.2         6.8     5.97059    0.764706
       13456           5       202.6           8           5       40.52         1.6
       13456          10       406.4          13         4.4     92.3636     2.95455
       13456         100      4058.6       214.8        35.2     115.301     6.10227
----------------------------------------------------------------------------------------------------
       17424           1        52.4         6.6         5.8     9.03448     1.13793
       17424           5       265.4          11           4       66.35        2.75
       17424          10       523.4        21.6           6     87.2333         3.6
       17424         100      5264.2         278        43.8     120.187     6.34703
----------------------------------------------------------------------------------------------------
       21904           1        66.2         8.2         4.4     15.0455     1.86364
       21904           5         333          14         4.6     72.3913     3.04348
       21904          10       659.6        31.8         7.4     89.1351      4.2973
       21904         100      6652.8       352.8          53     125.525      6.6566
----------------------------------------------------------------------------------------------------
       26896           1        81.4        10.2         3.2     25.4375      3.1875
       26896           5       405.2          21           6     67.5333         3.5
       26896          10       812.2        42.4         8.8     92.2955     4.81818
       26896         100        8149       432.4        63.8     127.727     6.77743
----------------------------------------------------------------------------------------------------
       32400           1        98.4        12.4           4        24.6         3.1
       32400           5       488.4        29.4           7     69.7714         4.2
       32400          10         985          56          11     89.5455     5.09091
       32400         100      9798.4       520.8        74.2     132.054     7.01887
----------------------------------------------------------------------------------------------------
       38416           1       116.2        15.4           5       23.24        3.08
       38416           5         576          39         8.2     70.2439      4.7561
       38416          10      1162.6        69.4          12     96.8833     5.78333
       38416         100     11633.8       621.4        78.2      148.77     7.94629
----------------------------------------------------------------------------------------------------
       44944           1       136.4          19           6     22.7333     3.16667
       44944           5       680.6        47.8        10.4     65.4423     4.59615
       44944          10        1360        83.4        15.4     88.3117     5.41558
       44944         100     13617.2       726.4          97     140.384     7.48866
----------------------------------------------------------------------------------------------------
       51984           1       159.2        23.6           7     22.7429     3.37143
       51984           5       787.6        55.8        11.4     69.0877     4.89474
       51984          10      1584.2        97.4        17.4      91.046      5.5977
       51984         100     15654.2         839       109.8      142.57     7.64117
----------------------------------------------------------------------------------------------------
       59536           1       183.8          28         8.6     21.3721     3.25581
       59536           5       911.4        65.6        13.6     67.0147     4.82353
       59536          10      1815.4       112.2        19.6     92.6224     5.72449
       59536         100     18273.2       964.4       119.6     152.786     8.06355
----------------------------------------------------------------------------------------------------
       67600           1       206.6        31.2         9.6     21.5208        3.25
       67600           5        1017          74        15.2     66.9079     4.86842
       67600          10      2060.2       128.4        22.8     90.3596     5.63158
       67600         100     20418.4      1090.6       130.6     156.343     8.35069
----------------------------------------------------------------------------------------------------
       76176           1       231.4        35.6        11.4     20.2982     3.12281
       76176           5      1152.4        83.4        18.6      61.957     4.48387
       76176          10      2322.6       144.2        25.2     92.1667     5.72222
       76176         100       23121        1218       143.8     160.786      8.4701
----------------------------------------------------------------------------------------------------
       85264           1       261.8          40        12.6     20.7778      3.1746
       85264           5      1286.8        94.6        20.2      63.703     4.68317
       85264          10      2575.8       161.8        28.2     91.3404     5.73759
       85264         100     25533.8        1365       162.6     157.034     8.39483
----------------------------------------------------------------------------------------------------
       94864           1       290.4        45.6        14.2     20.4507     3.21127
       94864           5        1444       106.6        22.4     64.4643     4.75893
       94864          10      2883.4       181.6        32.2     89.5466     5.63975
       94864         100       28697        1537       180.6     158.898     8.51052
----------------------------------------------------------------------------------------------------
      104976           1       318.8        50.2          16      19.925      3.1375
      104976           5        1570       117.4        25.6     61.3281     4.58594
      104976          10      3176.8       199.6        35.8     88.7374     5.57542
      104976         100     31545.2      1688.4       204.6      154.18      8.2522
----------------------------------------------------------------------------------------------------
      115600           1       352.2        55.6        17.6     20.0114     3.15909
      115600           5      1759.4         131        28.6     61.5175     4.58042
      115600          10      3484.2       223.4        39.6     87.9848     5.64141
      115600         100     34829.2        1851       226.6     153.703     8.16858
----------------------------------------------------------------------------------------------------
      126736           1       386.6        62.2        19.4     19.9278     3.20619
      126736           5      1914.4         143          32      59.825     4.46875
      126736          10      3812.6       245.6        44.8     85.1027     5.48214
      126736         100     38376.2      2024.2         248     154.743      8.1621
----------------------------------------------------------------------------------------------------
      138384           1       419.6        68.4        21.6     19.4259     3.16667
      138384           5        2096       156.2          36     58.2222     4.33889
      138384          10      4192.8       268.6          48       87.35     5.59583
      138384         100       41958        2236         274     153.131     8.16058
----------------------------------------------------------------------------------------------------
      150544           1         464        75.4          24     19.3333     3.14167
      150544           5        2245       169.2        39.4     56.9797     4.29442
      150544          10      4565.8         291        53.8     84.8662     5.40892
      150544         100       45393        2464         305      148.83     8.07869
----------------------------------------------------------------------------------------------------
      163216           1       500.6          82        25.8     19.4031     3.17829
      163216           5      2481.6         186        44.8     55.3929     4.15179
      163216          10      4958.4       318.2        59.6     83.1946     5.33893
      163216         100       49199      2668.6       330.6     148.817     8.07199
----------------------------------------------------------------------------------------------------
      176400           1       540.8        89.4        28.6     18.9091     3.12587
      176400           5      2667.4       201.4        47.6     56.0378     4.23109
      176400          10        5334       342.6        65.6      81.311     5.22256
      176400         100     53280.2      2884.6       355.8     149.748     8.10736
----------------------------------------------------------------------------------------------------
      190096           1       584.6        96.6        31.2     18.7372     3.09615
      190096           5      2877.8       217.8          52     55.3423     4.18846
      190096          10      5660.6       367.6        68.8     82.2762     5.34302
      190096         100     57518.2      3059.2       387.4     148.472     7.89675
----------------------------------------------------------------------------------------------------
      204304           1         622         105          34     18.2941     3.08824
      204304           5      3091.6       234.6          56     55.2071     4.18929
      204304          10        6177       397.8        73.2     84.3852     5.43443
      204304         100     61159.2      3307.8       416.2     146.947     7.94762
----------------------------------------------------------------------------------------------------
      219024           1       665.6       111.4        36.2     18.3867     3.07735
      219024           5      3321.4       250.6        60.4     54.9901     4.14901
      219024          10      6593.2       419.6        79.8     82.6216     5.25815
      219024         100     66035.2      3541.8       447.4     147.598     7.91641
----------------------------------------------------------------------------------------------------
      234256           1         712         119        39.2     18.1633     3.03571
      234256           5      3533.8       270.6        63.4     55.7382     4.26814
      234256          10      7067.2       448.6        85.2     82.9484     5.26526
      234256         100     70530.4      3792.2       483.6     145.844      7.8416
----------------------------------------------------------------------------------------------------
      250000           1       760.8       126.8        41.6     18.2885     3.04808
      250000           5      3777.2       285.8        67.8     55.7109     4.21534
      250000          10        7549       482.4        90.6     83.3223      5.3245
      250000         100     75689.4        4003       519.8     145.613     7.70104
----------------------------------------------------------------------------------------------------
