Running jacobi_stencil using 3 cores
    # blocks      Repeat      OpenMP         TBB    Taskflow    speedup1    speedup2
====================================================================================================
          16           1           0           0         5.6           0           0
          16           5           0           0           0        -nan        -nan
          16          10           2           0           3    0.666667           0
          16         100           2           0         0.8         2.5           0
----------------------------------------------------------------------------------------------------
         400           1         0.2           0         7.4    0.027027           0
         400           5         2.4           0           0         inf        -nan
         400          10           4           0           0         inf        -nan
         400         100        48.4           2         9.4     5.14894    0.212766
----------------------------------------------------------------------------------------------------
        1296           1           1           0         0.6     1.66667           0
        1296           5         7.2         0.2           4         1.8        0.05
        1296          10          15           1         5.8     2.58621    0.172414
        1296         100       156.4           7           5       31.28         1.4
----------------------------------------------------------------------------------------------------
        2704           1           3         0.6           4        0.75        0.15
        2704           5        16.2           1           6         2.7    0.166667
        2704          10        32.8           2         8.2           4    0.243902
        2704         100       323.8        25.4        11.6     27.9138     2.18966
----------------------------------------------------------------------------------------------------
        4624           1           5         1.2         4.8     1.04167        0.25
        4624           5        29.4         2.4         5.2     5.65385    0.461538
        4624          10        55.2           4         6.4       8.625       0.625
        4624         100       575.8          52        17.6     32.7159     2.95455
----------------------------------------------------------------------------------------------------
        7056           1           8         2.2         2.8     2.85714    0.785714
        7056           5        41.6           4         6.4         6.5       0.625
        7056          10        84.6           6           4       21.15         1.5
        7056         100         862          89        25.2     34.2063     3.53175
----------------------------------------------------------------------------------------------------
       10000           1        11.4         3.2         2.8     4.07143     1.14286
       10000           5        58.2           5           5       11.64           1
       10000          10       116.2           8           4       29.05           2
       10000         100      1171.6       128.6        33.6      34.869     3.82738
----------------------------------------------------------------------------------------------------
       13456           1        15.2         4.6         3.2        4.75      1.4375
       13456           5        76.4           7           4        19.1        1.75
       13456          10         164          11           5        32.8         2.2
       13456         100      1654.6       181.6        41.6      39.774     4.36538
----------------------------------------------------------------------------------------------------
       17424           1        19.6         5.6         4.6     4.26087     1.21739
       17424           5       101.4           9         3.8     26.6842     2.36842
       17424          10         202        18.2           6     33.6667     3.03333
       17424         100      2033.8       241.8        51.6     39.4147     4.68605
----------------------------------------------------------------------------------------------------
       21904           1        24.2         7.2           3     8.06667         2.4
       21904           5       124.6          12         4.8     25.9583         2.5
       21904          10       251.2          26         7.8     32.2051     3.33333
       21904         100        2494         297          62     40.2258     4.79032
----------------------------------------------------------------------------------------------------
       26896           1        30.8         8.4           3     10.2667         2.8
       26896           5       151.8          18           6        25.3           3
       26896          10       303.4        36.6           9     33.7111     4.06667
       26896         100      3057.6       370.6          75      40.768     4.94133
----------------------------------------------------------------------------------------------------
       32400           1          36        10.6         3.4     10.5882     3.11765
       32400           5       182.6          25           7     26.0857     3.57143
       32400          10       365.6          48        11.4     32.0702     4.21053
       32400         100      3651.6       453.2        89.6     40.7545     5.05804
----------------------------------------------------------------------------------------------------
       38416           1        42.6        13.2         4.2     10.1429     3.14286
       38416           5       214.8        33.4         8.6     24.9767     3.88372
       38416          10         430        61.8        14.2     30.2817     4.35211
       38416         100      4297.6       536.4       105.4     40.7742     5.08918
----------------------------------------------------------------------------------------------------
       44944           1        50.6        16.4         5.4     9.37037     3.03704
       44944           5       259.4        40.6        10.8     24.0185     3.75926
       44944          10       513.2        74.2        16.8     30.5476     4.41667
       44944         100      5184.6       641.4       122.2     42.4272     5.24877
----------------------------------------------------------------------------------------------------
       51984           1        59.2        20.2           8         7.4       2.525
       51984           5       297.6        49.2          13     22.8923     3.78462
       51984          10         598          84        20.6     29.0291     4.07767
       51984         100      5971.2         718       141.8       42.11     5.06347
----------------------------------------------------------------------------------------------------
       59536           1        66.6          24         8.2     8.12195     2.92683
       59536           5       341.6        56.8        15.6     21.8974     3.64103
       59536          10         677          97        23.8     28.4454     4.07563
       59536         100      6783.2       855.2       164.8     41.1602     5.18932
----------------------------------------------------------------------------------------------------
       67600           1          77        27.6         9.8     7.85714     2.81633
       67600           5       392.2        63.2        18.6      21.086     3.39785
       67600          10       784.2         112        28.6     27.4196     3.91608
       67600         100      7808.4       967.4       194.2      40.208     4.98146
----------------------------------------------------------------------------------------------------
       76176           1        86.2        31.2        11.4      7.5614     2.73684
       76176           5         435        72.2        22.2     19.5946     3.25225
       76176          10         872       124.8          33     26.4242     3.78182
       76176         100      8782.4      1056.4       228.6     38.4182     4.62117
----------------------------------------------------------------------------------------------------
       85264           1          95        35.2        13.4     7.08955     2.62687
       85264           5       481.6        82.8        25.2     19.1111     3.28571
       85264          10         961       140.6        38.4      25.026     3.66146
       85264         100      9721.6      1217.4       266.6     36.4651     4.56639
----------------------------------------------------------------------------------------------------
       94864           1       107.4        40.2        15.2     7.06579     2.64474
       94864           5       540.6        92.8          29     18.6414         3.2
       94864          10        1081       161.2        43.2     25.0231     3.73148
       94864         100       10839        1383       307.8     35.2144     4.49318
----------------------------------------------------------------------------------------------------
      104976           1       119.6        44.6          17     7.03529     2.62353
      104976           5       595.6       101.2        32.6     18.2699     3.10429
      104976          10      1190.8       177.4        49.6     24.0081     3.57661
      104976         100     11962.4        1512       358.4     33.3772     4.21875
----------------------------------------------------------------------------------------------------
      115600           1       130.8        48.8        18.8     6.95745     2.59574
      115600           5       660.6       115.2        36.2     18.2486     3.18232
      115600          10        1316         198        55.2     23.8406     3.58696
      115600         100     13220.4      1661.6       398.2     33.2004     4.17278
----------------------------------------------------------------------------------------------------
      126736           1       144.2        53.8        21.4     6.73832     2.51402
      126736           5       720.6       122.6        40.4     17.8366     3.03465
      126736          10      1453.2       216.2        61.8     23.5146     3.49838
      126736         100     14474.8      1801.6       452.4     31.9956     3.98232
----------------------------------------------------------------------------------------------------
      138384           1       157.6        59.8        23.4     6.73504     2.55556
      138384           5         785       135.8        45.4     17.2907     2.99119
      138384          10        1572       232.6        68.8     22.8488     3.38081
      138384         100       15823      1954.6       499.4      31.684      3.9139
----------------------------------------------------------------------------------------------------
      150544           1       171.6        65.6          26         6.6     2.52308
      150544           5       855.8         148          50      17.116        2.96
      150544          10        1716         254        75.8     22.6385     3.35092
      150544         100     17177.8        2154         557     30.8399     3.86715
----------------------------------------------------------------------------------------------------
      163216           1       187.2        71.2        28.6     6.54545     2.48951
      163216           5       927.4       158.4        54.8     16.9234     2.89051
      163216          10      1871.8       277.8        83.6       22.39     3.32297
      163216         100       18624      2234.6       617.6     30.1554      3.6182
----------------------------------------------------------------------------------------------------
      176400           1       202.2        76.2          31     6.52258     2.45806
      176400           5        1014       175.4        59.8     16.9565     2.93311
      176400          10      2012.6       294.4          91     22.1165     3.23516
      176400         100       20143      2563.4       675.4     29.8238     3.79538
----------------------------------------------------------------------------------------------------
      190096           1         215        84.4        34.6     6.21387     2.43931
      190096           5      1081.8       190.6        64.8     16.6944     2.94136
      190096          10        2158       318.8        99.4     21.7103     3.20724
      190096         100       21637      2674.8       730.2     29.6316     3.66311
----------------------------------------------------------------------------------------------------
      204304           1         237        90.6          38     6.23684     2.38421
      204304           5      1167.6       202.2        71.6     16.3073     2.82402
      204304          10      2343.2         350       108.2     21.6562     3.23475
      204304         100     23385.8      2905.2       801.2     29.1885     3.62606
----------------------------------------------------------------------------------------------------
      219024           1         251        96.8        41.4      6.0628     2.33816
      219024           5      1248.8         216        78.6      15.888     2.74809
      219024          10        2509         374       117.4     21.3714     3.18569
      219024         100       25016      3142.2       862.4     29.0074     3.64355
----------------------------------------------------------------------------------------------------
      234256           1         270         104        43.8     6.16438     2.37443
      234256           5      1340.8       236.6          83     16.1542      2.8506
      234256          10        2686       392.2       126.8      21.183     3.09306
      234256         100     26700.8      3332.8       935.6     28.5387     3.56221
----------------------------------------------------------------------------------------------------
      250000           1       283.6       111.2        46.4     6.11207     2.39655
      250000           5      1411.6         252        88.2     16.0045     2.85714
      250000          10      2825.4         417       135.6     20.8363     3.07522
      250000         100     28464.2      3527.4      1008.4     28.2271     3.49802
----------------------------------------------------------------------------------------------------
