Running jacobi_stencil using 10 cores
    # blocks      Repeat      OpenMP         TBB    Taskflow    speedup1    speedup2
====================================================================================================
          16           1         2.8           0         0.4           7           0
          16           5           0           0           0        -nan        -nan
          16          10           0           0           0        -nan        -nan
          16         100           4           0         9.6    0.416667           0
----------------------------------------------------------------------------------------------------
         400           1           1           0           0         inf        -nan
         400           5           5           0        13.2    0.378788           0
         400          10          11           0        10.4     1.05769           0
         400         100       112.2         2.8         8.4     13.3571    0.333333
----------------------------------------------------------------------------------------------------
        1296           1           3           0          13    0.230769           0
        1296           5        17.8           0          11     1.61818           0
        1296          10        36.4           1         8.2     4.43902    0.121951
        1296         100       368.6           9          10       36.86         0.9
----------------------------------------------------------------------------------------------------
        2704           1           7         1.2         4.8     1.45833        0.25
        2704           5        37.8           1         9.2      4.1087    0.108696
        2704          10        75.6           2         9.4     8.04255    0.212766
        2704         100         759        28.6        10.4     72.9808        2.75
----------------------------------------------------------------------------------------------------
        4624           1        12.8         1.2        10.2      1.2549    0.117647
        4624           5        64.8           3           9         7.2    0.333333
        4624          10       130.4           4         7.8     16.7179    0.512821
        4624         100      1302.4        61.6          14     93.0286         4.4
----------------------------------------------------------------------------------------------------
        7056           1        19.6         2.2         9.2     2.13043     0.23913
        7056           5          99           4         7.4     13.3784    0.540541
        7056          10       199.4           7         5.8     34.3793      1.2069
        7056         100      2006.4       104.8        19.4     103.423     5.40206
----------------------------------------------------------------------------------------------------
       10000           1        28.2         3.2         7.4     3.81081    0.432432
       10000           5       141.2           6           6     23.5333           1
       10000          10       281.4         9.4         4.6     61.1739     2.04348
       10000         100        2838         154          26     109.154     5.92308
----------------------------------------------------------------------------------------------------
       13456           1        37.6         5.2         7.2     5.22222    0.722222
       13456           5       188.8           8           5       37.76         1.6
       13456          10       380.6        13.2         4.2      90.619     3.14286
       13456         100      3807.6       209.6        32.4     117.519     6.46914
----------------------------------------------------------------------------------------------------
       17424           1        50.6         6.2         5.8     8.72414     1.06897
       17424           5       246.6          11         3.2     77.0625      3.4375
       17424          10       492.4        21.4         5.4     91.1852     3.96296
       17424         100        4880       274.8        41.2     118.447      6.6699
----------------------------------------------------------------------------------------------------
       21904           1        61.8         8.2           4       15.45        2.05
       21904           5       307.6          14           4        76.9         3.5
       21904          10       615.8        31.4           7     87.9714     4.48571
       21904         100      6176.8       349.6        48.8     126.574     7.16393
----------------------------------------------------------------------------------------------------
       26896           1          76        10.2           3     25.3333         3.4
       26896           5         379        21.2           5        75.8        4.24
       26896          10       759.8        43.6         8.4     90.4524     5.19048
       26896         100      7631.6       429.4        57.8     132.035     7.42907
----------------------------------------------------------------------------------------------------
       32400           1        91.4        12.2           4       22.85        3.05
       32400           5         457        29.4         6.8     67.2059     4.32353
       32400          10       919.8        56.2        10.2     90.1765      5.5098
       32400         100      9156.2       531.4        69.6     131.555     7.63506
----------------------------------------------------------------------------------------------------
       38416           1       108.2        15.2         4.6     23.5217     3.30435
       38416           5       543.8          39           8      67.975       4.875
       38416          10        1084        70.4        12.4     87.4194     5.67742
       38416         100       10862       636.2        79.2     137.146     8.03283
----------------------------------------------------------------------------------------------------
       44944           1       127.2        18.6         5.8      21.931      3.2069
       44944           5       632.4        48.2         9.4     67.2766     5.12766
       44944          10      1280.2        83.2        14.4     88.9028     5.77778
       44944         100     12649.2         745          88     143.741     8.46591
----------------------------------------------------------------------------------------------------
       51984           1       148.2        23.6           7     21.1714     3.37143
       51984           5       737.2        56.2        10.8     68.2593      5.2037
       51984          10      1474.2          99        16.2          91     6.11111
       51984         100       14737       848.6         101     145.911     8.40198
----------------------------------------------------------------------------------------------------
       59536           1         171        28.2         8.4     20.3571     3.35714
       59536           5       846.4          66        13.2     64.1212           5
       59536          10      1697.4         114        19.6      86.602     5.81633
       59536         100     17123.6       956.8       110.8     154.545     8.63538
----------------------------------------------------------------------------------------------------
       67600           1       191.2        31.4         9.6     19.9167     3.27083
       67600           5       959.2          76        15.4     62.2857     4.93506
       67600          10      1928.8       129.2        21.6     89.2963     5.98148
       67600         100     19154.4      1117.8       120.2     159.354      9.2995
----------------------------------------------------------------------------------------------------
       76176           1         218        35.2        11.2     19.4643     3.14286
       76176           5      1080.2        86.6        18.8     57.4574     4.60638
       76176          10      2169.8       148.4        24.6     88.2033     6.03252
       76176         100     21528.8        1250       135.2     159.237     9.24556
----------------------------------------------------------------------------------------------------
       85264           1         246        41.2        12.6     19.5238     3.26984
       85264           5      1201.6        96.8        19.8     60.6869     4.88889
       85264          10      2426.8         161        27.8      87.295     5.79137
       85264         100     24292.6      1365.2       150.8     161.092     9.05305
----------------------------------------------------------------------------------------------------
       94864           1       271.2        45.4        14.2     19.0986     3.19718
       94864           5        1346       106.8        22.4     60.0893     4.76786
       94864          10      2667.6       180.4        30.8     86.6104     5.85714
       94864         100     26751.6      1535.8       171.6     155.895     8.94988
----------------------------------------------------------------------------------------------------
      104976           1         304          51        15.6     19.4872     3.26923
      104976           5      1467.4       117.4          25      58.696       4.696
      104976          10        2970       200.2          35     84.8571        5.72
      104976         100     29561.6        1720       192.6     153.487     8.93043
----------------------------------------------------------------------------------------------------
      115600           1       331.2          56        17.2     19.2558     3.25581
      115600           5        1642       129.2        28.4     57.8169      4.5493
      115600          10      3294.2       223.2        38.2     86.2356     5.84293
      115600         100     32436.6      1898.6       212.8     152.428     8.92199
----------------------------------------------------------------------------------------------------
      126736           1       362.4        61.8        19.4     18.6804     3.18557
      126736           5      1792.2       142.8        31.2     57.4423     4.57692
      126736          10      3568.6       245.6        42.8     83.3785     5.73832
      126736         100     35553.4        2044         236      150.65     8.66102
----------------------------------------------------------------------------------------------------
      138384           1       396.2        67.4        21.2     18.6887     3.17925
      138384           5      1961.2         157        35.2     55.7159     4.46023
      138384          10      3934.6       266.2        48.4     81.2934         5.5
      138384         100     38898.4      2274.4       263.4     147.678     8.63478
----------------------------------------------------------------------------------------------------
      150544           1       432.2        74.2        23.6     18.3136     3.14407
      150544           5        2128       171.6        38.2     55.7068     4.49215
      150544          10      4254.8         295        52.6     80.8897     5.60837
      150544         100     42350.4      2473.6       288.8     146.643      8.5651
----------------------------------------------------------------------------------------------------
      163216           1       471.2          81          26     18.1231     3.11538
      163216           5      2306.4       186.4          42     54.9143      4.4381
      163216          10        4598       315.2        57.4     80.1045     5.49129
      163216         100     46345.4      2654.6       313.2     147.974     8.47573
----------------------------------------------------------------------------------------------------
      176400           1         502        88.8        28.2     17.8014     3.14894
      176400           5      2483.2       202.2          47      52.834     4.30213
      176400          10      4974.4       344.6          64      77.725     5.38438
      176400         100     49649.4      2863.4       344.8     143.995     8.30452
----------------------------------------------------------------------------------------------------
      190096           1       545.4        97.2        30.2     18.0596     3.21854
      190096           5      2689.2       219.8        49.8          54     4.41365
      190096          10      5409.2       372.8          67     80.7343     5.56418
      190096         100     53730.8      3079.8       381.6     140.804     8.07075
----------------------------------------------------------------------------------------------------
      204304           1       584.8       103.4        34.2     17.0994     3.02339
      204304           5      2906.8       232.4        54.8     53.0438     4.24088
      204304          10      5817.8       400.4          73     79.6959     5.48493
      204304         100     57819.2      3366.2       403.2     143.401     8.34871
----------------------------------------------------------------------------------------------------
      219024           1       625.2       111.2          36     17.3667     3.08889
      219024           5      3062.2       248.2        58.2     52.6151      4.2646
      219024          10      6183.6         426        78.2     79.0742     5.44757
      219024         100     62065.6      3531.8         431     144.004     8.19443
----------------------------------------------------------------------------------------------------
      234256           1       666.6       118.8        39.4     16.9188     3.01523
      234256           5      3319.6         269        63.8     52.0313      4.2163
      234256          10      6655.2       453.6        83.2     79.9904     5.45192
      234256         100     66521.8      3787.4       459.2     144.865     8.24782
----------------------------------------------------------------------------------------------------
      250000           1       709.8         126        41.2     17.2282     3.05825
      250000           5      3545.8       284.2        65.4     54.2171     4.34557
      250000          10      7098.8       484.2          89     79.7618     5.44045
      250000         100     71518.4      4077.8       497.4     143.784     8.19823
----------------------------------------------------------------------------------------------------
