Running jacobi_stencil using 8 cores
    # blocks      Repeat      OpenMP         TBB    Taskflow    speedup1    speedup2
====================================================================================================
          16           1           0           0           3           0           0
          16           5           0           0         3.2           0           0
          16          10           0           0        11.8           0           0
          16         100           3           0         8.8    0.340909           0
----------------------------------------------------------------------------------------------------
         400           1           0           0         2.4           0           0
         400           5         9.2           0         6.4      1.4375           0
         400          10         8.2           0        11.4    0.719298           0
         400         100        86.4           2         6.4        13.5      0.3125
----------------------------------------------------------------------------------------------------
        1296           1           2           0        12.2    0.163934           0
        1296           5          14           0         8.4     1.66667           0
        1296          10        30.8           1         8.2      3.7561    0.121951
        1296         100       282.2           8         7.8     36.1795     1.02564
----------------------------------------------------------------------------------------------------
        2704           1           5           1           8       0.625       0.125
        2704           5          29           1         8.6     3.37209    0.116279
        2704          10        58.4           2           8         7.3        0.25
        2704         100       583.2        26.4          10       58.32        2.64
----------------------------------------------------------------------------------------------------
        4624           1          10         1.2         9.6     1.04167       0.125
        4624           5        50.2           2         6.8     7.38235    0.294118
        4624          10         100           4         6.4      15.625       0.625
        4624         100      1005.6        58.2        14.6     68.8767      3.9863
----------------------------------------------------------------------------------------------------
        7056           1          15         2.2         8.4     1.78571    0.261905
        7056           5        75.8           4           7     10.8286    0.571429
        7056          10       155.6           6         5.4     28.8148     1.11111
        7056         100      1531.2        96.2        20.2      75.802     4.76238
----------------------------------------------------------------------------------------------------
       10000           1        21.8         3.2         7.8     2.79487    0.410256
       10000           5       108.6           6           5       21.72         1.2
       10000          10       216.6           9         4.6      47.087     1.95652
       10000         100      2155.6       144.4        27.4     78.6715     5.27007
----------------------------------------------------------------------------------------------------
       13456           1        28.6         4.2         6.2      4.6129    0.677419
       13456           5       146.2           8         4.6     31.7826     1.73913
       13456          10       293.4          12           4       73.35           3
       13456         100        2900         203        34.4     84.3023     5.90116
----------------------------------------------------------------------------------------------------
       17424           1          41         6.2           5         8.2        1.24
       17424           5       189.6          10         3.2       59.25       3.125
       17424          10       375.4          20         5.2     72.1923     3.84615
       17424         100      3797.2         259        43.6     87.0917     5.94037
----------------------------------------------------------------------------------------------------
       21904           1        47.4         7.2         3.8     12.4737     1.89474
       21904           5       237.6          13           4        59.4        3.25
       21904          10       481.2        29.6           7     68.7429     4.22857
       21904         100        4805       329.4        52.4     91.6985     6.28626
----------------------------------------------------------------------------------------------------
       26896           1        58.2         9.2           3        19.4     3.06667
       26896           5         292        20.2         5.2     56.1538     3.88462
       26896          10       587.2          40         8.4     69.9048      4.7619
       26896         100      5833.8         403        62.4     93.4904     6.45833
----------------------------------------------------------------------------------------------------
       32400           1        70.6        11.6           4       17.65         2.9
       32400           5       346.2        27.8         6.4     54.0938     4.34375
       32400          10       702.2        53.2        10.2     68.8431     5.21569
       32400         100      7101.8       494.4        72.6     97.8209     6.80992
----------------------------------------------------------------------------------------------------
       38416           1        84.2        14.2         4.2     20.0476     3.38095
       38416           5       419.8        36.6           8      52.475       4.575
       38416          10       836.2        66.4          12     69.6833     5.53333
       38416         100      8311.6       591.4        83.6     99.4211     7.07416
----------------------------------------------------------------------------------------------------
       44944           1        98.2        17.4         5.6     17.5357     3.10714
       44944           5       485.6        44.8         9.6     50.5833     4.66667
       44944          10       973.2        80.2        14.2     68.5352     5.64789
       44944         100      9831.2       692.8        94.2     104.365     7.35456
----------------------------------------------------------------------------------------------------
       51984           1       114.4        21.6         6.8     16.8235     3.17647
       51984           5       565.2        53.2          11     51.3818     4.83636
       51984          10      1124.2        93.6        17.2     65.3605     5.44186
       51984         100     11387.4       812.4       107.2     106.226     7.57836
----------------------------------------------------------------------------------------------------
       59536           1         130        25.6         8.2     15.8537     3.12195
       59536           5       642.6        62.2        13.4     47.9552     4.64179
       59536          10      1308.4       108.4          19     68.8632     5.70526
       59536         100     12923.8       919.6       122.4     105.587     7.51307
----------------------------------------------------------------------------------------------------
       67600           1       150.4        29.8         9.6     15.6667     3.10417
       67600           5         742        70.8        15.4     48.1818      4.5974
       67600          10      1501.4         125        22.2     67.6306     5.63063
       67600         100     14666.4      1043.2       130.8     112.128     7.97554
----------------------------------------------------------------------------------------------------
       76176           1       169.2        33.4          11     15.3818     3.03636
       76176           5       824.8        79.2        17.8     46.3371     4.44944
       76176          10        1652       137.2        25.2     65.5556     5.44444
       76176         100     16493.4      1180.8         149     110.694     7.92483
----------------------------------------------------------------------------------------------------
       85264           1       188.2        37.2        12.6     14.9365     2.95238
       85264           5       929.8        87.8        20.8     44.7019     4.22115
       85264          10        1853       154.4        28.4     65.2465     5.43662
       85264         100     18622.2      1327.4       168.8     110.321     7.86374
----------------------------------------------------------------------------------------------------
       94864           1         210        42.4          14          15     3.02857
       94864           5        1026       100.8        23.6     43.4746     4.27119
       94864          10      2066.6       168.8        32.8     63.0061     5.14634
       94864         100     20707.2      1464.8       190.6     108.642      7.6852
----------------------------------------------------------------------------------------------------
      104976           1         228        47.2          16       14.25        2.95
      104976           5      1144.2       110.8        25.4     45.0472      4.3622
      104976          10      2299.8       187.6        36.6     62.8361     5.12568
      104976         100     22759.4      1602.8       220.4     103.264     7.27223
----------------------------------------------------------------------------------------------------
      115600           1       256.2        52.8        17.6     14.5568           3
      115600           5        1263       121.4        29.2     43.2534     4.15753
      115600          10        2507       206.2        41.4     60.5556     4.98068
      115600         100     25202.6      1770.8       242.8       103.8     7.29325
----------------------------------------------------------------------------------------------------
      126736           1       281.8        56.8        19.4     14.5258     2.92784
      126736           5        1387         132          33     42.0303           4
      126736          10        2752       228.8        46.6     59.0558     4.90987
      126736         100       27474      1932.2       269.8     101.831      7.1616
----------------------------------------------------------------------------------------------------
      138384           1       304.2        62.8        21.6     14.0833     2.90741
      138384           5      1509.4         145        36.2     41.6961     4.00552
      138384          10      3024.2       246.8        50.8     59.5315     4.85827
      138384         100     30177.6      2122.8       296.4     101.814     7.16194
----------------------------------------------------------------------------------------------------
      150544           1       332.8        68.6        23.6     14.1017     2.90678
      150544           5      1638.2       159.8        40.4     40.5495     3.95545
      150544          10      3246.8       270.8          56     57.9786     4.83571
      150544         100       32776        2265         329     99.6231      6.8845
----------------------------------------------------------------------------------------------------
      163216           1       358.8        75.8          26        13.8     2.91538
      163216           5      1755.4       173.8          45     39.0089     3.86222
      163216          10        3565       300.8          61     58.4426     4.93115
      163216         100     35072.6        2504       357.6     98.0777     7.00224
----------------------------------------------------------------------------------------------------
      176400           1       389.2        80.2        28.4     13.7042     2.82394
      176400           5      1926.2       187.8        48.6     39.6337      3.8642
      176400          10        3819       319.4        66.4     57.5151     4.81024
      176400         100     38395.4      2678.2       394.6     97.3021     6.78713
----------------------------------------------------------------------------------------------------
      190096           1         420        89.4        30.2     13.9073     2.96026
      190096           5        2062         203        52.8      39.053      3.8447
      190096          10      4108.6       344.4        71.2     57.7051     4.83708
      190096         100     41346.8      2877.4         428     96.6047      6.7229
----------------------------------------------------------------------------------------------------
      204304           1       457.2          96        34.4     13.2907      2.7907
      204304           5        2232       217.2        58.8     37.9592     3.69388
      204304          10      4465.2       371.4          79     56.5215     4.70127
      204304         100     44599.8      3118.4       463.8     96.1617     6.72359
----------------------------------------------------------------------------------------------------
      219024           1         482       101.4        36.6     13.1694     2.77049
      219024           5      2394.2       236.4        61.8     38.7411     3.82524
      219024          10      4761.8       400.8        85.2     55.8897     4.70423
      219024         100     47454.2      3354.4       504.4     94.0805     6.65028
----------------------------------------------------------------------------------------------------
      234256           1       521.8         114        38.8     13.4485     2.93814
      234256           5      2518.4         248        64.2     39.2274     3.86293
      234256          10      5123.6       429.2          90     56.9289     4.76889
      234256         100     50815.4      3505.8         539     94.2772     6.50427
----------------------------------------------------------------------------------------------------
      250000           1       553.4       118.6        41.8     13.2392     2.83732
      250000           5      2688.6       265.4        70.4     38.1903     3.76989
      250000          10        5399       451.4          95     56.8316     4.75158
      250000         100     54534.8        3849       571.2     95.4741     6.73845
----------------------------------------------------------------------------------------------------
