Running jacobi_stencil using 2 cores
    # blocks      Repeat      OpenMP         TBB    Taskflow    speedup1    speedup2
====================================================================================================
          16           1           0           0           0        -nan        -nan
          16           5           0           0           0        -nan        -nan
          16          10           0           0         2.4           0           0
          16         100         1.2           0           0         inf        -nan
----------------------------------------------------------------------------------------------------
         400           1           0           0           0        -nan        -nan
         400           5         1.8           0           0         inf        -nan
         400          10         3.2           0           2         1.6           0
         400         100        37.4           2           3     12.4667    0.666667
----------------------------------------------------------------------------------------------------
        1296           1           1           0           0         inf        -nan
        1296           5           6           0         1.6        3.75           0
        1296          10        12.8           1         2.4     5.33333    0.416667
        1296         100       140.6           7         7.4          19    0.945946
----------------------------------------------------------------------------------------------------
        2704           1         2.2         0.6         1.8     1.22222    0.333333
        2704           5        13.6           1         3.2        4.25      0.3125
        2704          10        30.2           2           4        7.55         0.5
        2704         100         290          17        14.6      19.863     1.16438
----------------------------------------------------------------------------------------------------
        4624           1         4.6           1         2.6     1.76923    0.384615
        4624           5        24.8           2         2.2     11.2727    0.909091
        4624          10        49.2           3         4.2     11.7143    0.714286
        4624         100       486.8        40.6        22.4     21.7321      1.8125
----------------------------------------------------------------------------------------------------
        7056           1         9.4           2           2         4.7           1
        7056           5        37.2         3.2         4.8        7.75    0.666667
        7056          10        72.6         5.2           5       14.52        1.04
        7056         100       761.4        74.6        30.6     24.8824     2.43791
----------------------------------------------------------------------------------------------------
       10000           1        10.2         3.2           3         3.4     1.06667
       10000           5        50.6           5         4.4        11.5     1.13636
       10000          10        96.2           8         5.6     17.1786     1.42857
       10000         100       959.4       115.4        38.6     24.8549     2.98964
----------------------------------------------------------------------------------------------------
       13456           1        12.4         4.2         2.2     5.63636     1.90909
       13456           5        64.2           7         4.4     14.5909     1.59091
       13456          10       129.6          11          11     11.7818           1
       13456         100      1281.8       170.2          50      25.636       3.404
----------------------------------------------------------------------------------------------------
       17424           1        16.6         5.2         2.8     5.92857     1.85714
       17424           5          83           9         4.8     17.2917       1.875
       17424          10       172.6        15.4           9     19.1778     1.71111
       17424         100      1688.8       224.6        66.4     25.4337     3.38253
----------------------------------------------------------------------------------------------------
       21904           1        21.2         6.8         2.8     7.57143     2.42857
       21904           5       108.6        11.8         5.6     19.3929     2.10714
       21904          10       212.6        22.2         9.2     23.1087     2.41304
       21904         100        2141       275.6        78.2     27.3785      3.5243
----------------------------------------------------------------------------------------------------
       26896           1          26         8.2         3.2       8.125      2.5625
       26896           5       132.2        15.8         6.6     20.0303     2.39394
       26896          10       263.6        33.6        11.2     23.5357           3
       26896         100      2641.4         336        98.4     26.8435     3.41463
----------------------------------------------------------------------------------------------------
       32400           1        31.2        10.2         4.2     7.42857     2.42857
       32400           5         158        20.4         9.2     17.1739     2.21739
       32400          10       316.8        42.2        14.6     21.6986     2.89041
       32400         100      3157.8         410       115.2     27.4115     3.55903
----------------------------------------------------------------------------------------------------
       38416           1        36.6        12.6         4.8       7.625       2.625
       38416           5       181.4        30.2          10       18.14        3.02
       38416          10       367.6          55        16.8      21.881     3.27381
       38416         100      3668.4       495.8         136     26.9735     3.64559
----------------------------------------------------------------------------------------------------
       44944           1        39.4        15.8           6     6.56667     2.63333
       44944           5         196        37.6        12.8     15.3125      2.9375
       44944          10       392.6        58.4        21.2     18.5189     2.75472
       44944         100        3884       580.6       162.6     23.8868     3.57073
----------------------------------------------------------------------------------------------------
       51984           1        47.8        19.6         7.2     6.63889     2.72222
       51984           5       241.4        44.6        16.2     14.9012     2.75309
       51984          10       482.2        76.8        25.6     18.8359           3
       51984         100      4797.2         676       185.2     25.9028     3.65011
----------------------------------------------------------------------------------------------------
       59536           1          55        23.4         8.8        6.25     2.65909
       59536           5       275.6          52        18.8     14.6596     2.76596
       59536          10       542.8        88.8        29.8     18.2148     2.97987
       59536         100      5512.8       784.2       223.8     24.6327     3.50402
----------------------------------------------------------------------------------------------------
       67600           1        60.6        26.6        10.6     5.71698     2.50943
       67600           5       306.2        60.8        22.2     13.7928     2.73874
       67600          10       614.2       104.4          35     17.5486     2.98286
       67600         100        6171       886.2       266.2     23.1818     3.32908
----------------------------------------------------------------------------------------------------
       76176           1          63        29.8        12.4     5.08065     2.40323
       76176           5       312.2        67.8        25.6     12.1953     2.64844
       76176          10       625.8       115.2        41.4     15.1159     2.78261
       76176         100        6268         999       313.8     19.9745     3.18356
----------------------------------------------------------------------------------------------------
       85264           1          70        33.6        14.4     4.86111     2.33333
       85264           5       349.6        77.4        30.2     11.5762     2.56291
       85264          10       696.2         128          48     14.5042     2.66667
       85264         100      6990.8      1102.2       379.4     18.4259     2.90511
----------------------------------------------------------------------------------------------------
       94864           1          80        37.8        16.4     4.87805     2.30488
       94864           5       396.4        83.6          34     11.6588     2.45882
       94864          10         791       145.2        54.6     14.4872     2.65934
       94864         100      7937.8      1245.2         444     17.8779      2.8045
----------------------------------------------------------------------------------------------------
      104976           1          88        41.8        18.4     4.78261     2.27174
      104976           5       428.2        95.8        38.8     11.0361     2.46907
      104976          10       853.4       160.8        62.6     13.6326     2.56869
      104976         100      8569.4      1362.2       518.4     16.5305      2.6277
----------------------------------------------------------------------------------------------------
      115600           1          96        46.2        20.6     4.66019     2.24272
      115600           5         472       103.2        43.6     10.8257     2.36697
      115600          10         942         178        69.6     13.5345     2.55747
      115600         100      9446.8      1507.8       565.8     16.6964      2.6649
----------------------------------------------------------------------------------------------------
      126736           1       106.2        50.4        22.8     4.65789     2.21053
      126736           5       523.2       113.4        47.8     10.9456     2.37238
      126736          10      1043.8       193.6        77.4     13.4858     2.50129
      126736         100     10470.4        1642       626.4     16.7152     2.62133
----------------------------------------------------------------------------------------------------
      138384           1         115        55.8        25.2     4.56349     2.21429
      138384           5       564.2       125.4        53.4     10.5655     2.34831
      138384          10      1126.6       212.2          87     12.9494     2.43908
      138384         100     11283.4      1831.4       699.2     16.1376     2.61928
----------------------------------------------------------------------------------------------------
      150544           1       126.6          61        27.8     4.55396     2.19424
      150544           5         620         139        59.6     10.4027     2.33221
      150544          10        1238         237        94.8     13.0591         2.5
      150544         100       12427      1964.8       764.4     16.2572     2.57038
----------------------------------------------------------------------------------------------------
      163216           1         135        65.6        30.8     4.38312     2.12987
      163216           5       664.2       149.4        64.4     10.3137     2.31988
      163216          10      1328.8         259       104.2     12.7524      2.4856
      163216         100     13334.2      2128.8       845.2     15.7764     2.51869
----------------------------------------------------------------------------------------------------
      176400           1         148        71.4        33.6     4.40476       2.125
      176400           5       717.4       160.2        71.6     10.0196     2.23743
      176400          10        1436         275       114.6     12.5305     2.39965
      176400         100     14390.8      2285.2       929.6     15.4806     2.45826
----------------------------------------------------------------------------------------------------
      190096           1         161        77.4        36.8       4.375     2.10326
      190096           5       780.4       175.8        77.2     10.1088      2.2772
      190096          10      1563.2       293.2       124.2     12.5862     2.36071
      190096         100     15668.6      2491.6      1004.8     15.5938      2.4797
----------------------------------------------------------------------------------------------------
      204304           1         167          84          40       4.175         2.1
      204304           5         819       183.2        84.4     9.70379     2.17062
      204304          10      1630.6       321.4       136.2     11.9721     2.35977
      204304         100       16511        2653      1110.4     14.8694     2.38923
----------------------------------------------------------------------------------------------------
      219024           1       185.6        90.2        43.6     4.25688     2.06881
      219024           5       911.2       202.2        91.8     9.92593     2.20261
      219024          10      1826.6         342       148.6     12.2921     2.30148
      219024         100       18312      2880.4      1194.4     15.3315     2.41159
----------------------------------------------------------------------------------------------------
      234256           1       190.8          98        46.6     4.09442       2.103
      234256           5       946.4       212.2          99      9.5596     2.14343
      234256          10      1893.4         367         161     11.7602      2.2795
      234256         100     19027.8        3056      1301.8     14.6165     2.34752
----------------------------------------------------------------------------------------------------
      250000           1       208.6       102.6        49.8     4.18876     2.06024
      250000           5      1034.6       231.2       105.4     9.81594     2.19355
      250000          10      2071.8       383.8       172.4     12.0174     2.22622
      250000         100       20720      3286.6      1402.4     14.7747     2.34355
----------------------------------------------------------------------------------------------------
