Running jacobi_stencil using 13 cores
    # blocks      Repeat      OpenMP         TBB    Taskflow    speedup1    speedup2
====================================================================================================
          16           1         6.6           0         2.6     2.53846           0
          16           5           0           0           1           0           0
          16          10           0           0         0.6           0           0
          16         100           5           0          11    0.454545           0
----------------------------------------------------------------------------------------------------
         400           1         3.2           0        13.8    0.231884           0
         400           5           7           0        11.2       0.625           0
         400          10        14.6           0        12.4     1.17742           0
         400         100       148.2           3         8.4     17.6429    0.357143
----------------------------------------------------------------------------------------------------
        1296           1         4.2           0        13.2    0.318182           0
        1296           5          24           1          13     1.84615   0.0769231
        1296          10          48           1        12.4     3.87097   0.0806452
        1296         100       483.2           9        11.2     43.1429    0.803571
----------------------------------------------------------------------------------------------------
        2704           1          10           1          12    0.833333   0.0833333
        2704           5        50.4           1        11.2         4.5   0.0892857
        2704          10        99.4           2        10.6     9.37736    0.188679
        2704         100       999.6          30          12        83.3         2.5
----------------------------------------------------------------------------------------------------
        4624           1          17         1.2          11     1.54545    0.109091
        4624           5          86           3         7.4     11.6216    0.405405
        4624          10       171.8           4         7.2     23.8611    0.555556
        4624         100      1711.8        64.6        16.2     105.667     3.98765
----------------------------------------------------------------------------------------------------
        7056           1          26         2.2         9.2     2.82609     0.23913
        7056           5         132           4           8        16.5         0.5
        7056          10       262.8           7         5.8     45.3103      1.2069
        7056         100      2628.2       108.4        20.8     126.356     5.21154
----------------------------------------------------------------------------------------------------
       10000           1          37           4         8.8     4.20455    0.454545
       10000           5         187           6         6.2     30.1613    0.967742
       10000          10       374.2          10           5       74.84           2
       10000         100      3739.8       160.2          26     143.838     6.16154
----------------------------------------------------------------------------------------------------
       13456           1        49.8         5.2         7.8     6.38462    0.666667
       13456           5       252.6           9         5.2     48.5769     1.73077
       13456          10       500.8        14.2         4.6      108.87     3.08696
       13456         100      5036.4       219.8          36       139.9     6.10556
----------------------------------------------------------------------------------------------------
       17424           1        64.8           7         6.2     10.4516     1.12903
       17424           5       323.4          12           4       80.85           3
       17424          10       650.6        22.8         6.4     101.656      3.5625
       17424         100      6587.8         288        46.6     141.369     6.18026
----------------------------------------------------------------------------------------------------
       21904           1        81.2         8.4         4.4     18.4545     1.90909
       21904           5         408          15           5        81.6           3
       21904          10       816.2        33.2         7.8     104.641     4.25641
       21904         100      8134.8       368.6          56     145.264     6.58214
----------------------------------------------------------------------------------------------------
       26896           1        99.6        10.4         3.4     29.2941     3.05882
       26896           5         505        22.2           6     84.1667         3.7
       26896          10      1003.4        45.2         9.6     104.521     4.70833
       26896         100     10007.4       456.4        66.4     150.714     6.87349
----------------------------------------------------------------------------------------------------
       32400           1       121.2        13.2         4.2     28.8571     3.14286
       32400           5         607        31.2         7.8     77.8205           4
       32400          10      1206.2        59.2        11.4     105.807     5.19298
       32400         100     12069.6       554.4        77.6     155.536     7.14433
----------------------------------------------------------------------------------------------------
       38416           1       143.4        16.2         5.2     27.5769     3.11538
       38416           5         722          41         8.8     82.0455     4.65909
       38416          10      1445.6        73.8        13.6     106.294     5.42647
       38416         100     14306.8       658.2        89.6     159.674     7.34598
----------------------------------------------------------------------------------------------------
       44944           1         169        19.8         6.2     27.2581     3.19355
       44944           5         839        50.4        10.8     77.6852     4.66667
       44944          10      1678.2        88.4        15.8     106.215     5.59494
       44944         100     16694.6       774.4         101     165.293     7.66733
----------------------------------------------------------------------------------------------------
       51984           1       196.8        24.6         7.4     26.5946     3.32432
       51984           5       976.8        59.6        12.4     78.7742     4.80645
       51984          10      1944.4       103.6          19     102.337     5.45263
       51984         100     19336.6       892.8       113.4     170.517     7.87302
----------------------------------------------------------------------------------------------------
       59536           1         223        29.4         8.8     25.3409     3.34091
       59536           5      1117.2          69        14.6     76.5205     4.72603
       59536          10        2226       119.2        21.4     104.019     5.57009
       59536         100       22110      1014.8       125.8     175.755     8.06677
----------------------------------------------------------------------------------------------------
       67600           1       253.6        33.2        10.4     24.3846     3.19231
       67600           5        1254        77.2        16.8     74.6429     4.59524
       67600          10      2523.4         135        24.6     102.577      5.4878
       67600         100     25373.4      1155.4       140.8     180.209     8.20597
----------------------------------------------------------------------------------------------------
       76176           1       285.6        36.8        11.6     24.6207     3.17241
       76176           5        1419        91.4        19.8     71.6667     4.61616
       76176          10      2827.8       152.4        26.6     106.308     5.72932
       76176         100       28641      1300.4       156.4     183.127     8.31458
----------------------------------------------------------------------------------------------------
       85264           1         321        42.6        13.2     24.3182     3.22727
       85264           5      1612.8       100.2        21.8     73.9817     4.59633
       85264          10        3205       170.8        30.2     106.126     5.65563
       85264         100     31925.2      1455.8         172     185.612     8.46395
----------------------------------------------------------------------------------------------------
       94864           1       358.4        46.8        14.8     24.2162     3.16216
       94864           5      1786.2       111.4        24.2     73.8099     4.60331
       94864          10      3526.2       190.2        33.4     105.575     5.69461
       94864         100     35386.6      1606.8       190.8     185.464     8.42138
----------------------------------------------------------------------------------------------------
      104976           1       397.4        52.4        16.6     23.9398     3.15663
      104976           5      1970.2         125        26.6     74.0677     4.69925
      104976          10      3935.4       211.8        38.2     103.021      5.5445
      104976         100       39094      1781.4       214.2     182.512     8.31653
----------------------------------------------------------------------------------------------------
      115600           1         437        59.6        18.4       23.75     3.23913
      115600           5      2147.8       137.6        29.4     73.0544     4.68027
      115600          10      4285.6       232.2          42     102.038     5.52857
      115600         100       42977      1982.6       234.8     183.037     8.44378
----------------------------------------------------------------------------------------------------
      126736           1       474.2        64.4        20.2     23.4752     3.18812
      126736           5      2391.4       149.2        33.4     71.5988     4.46707
      126736          10      4773.2         255        45.8     104.218     5.56769
      126736         100     47607.4      2159.2       258.8     183.954     8.34312
----------------------------------------------------------------------------------------------------
      138384           1       522.8        71.8        22.2     23.5495     3.23423
      138384           5      2608.2       162.6        37.2     70.1129     4.37097
      138384          10      5209.2       279.8        50.4     103.357     5.55159
      138384         100     51883.2      2361.2         284     182.687     8.31408
----------------------------------------------------------------------------------------------------
      150544           1       566.4        78.2        24.2      23.405      3.2314
      150544           5      2819.2       178.6          40       70.48       4.465
      150544          10      5610.6       301.4          55     102.011        5.48
      150544         100     56375.4      2555.4         309     182.445      8.2699
----------------------------------------------------------------------------------------------------
      163216           1       618.4          87        27.2     22.7353     3.19853
      163216           5      3043.4       193.6        44.6     68.2377     4.34081
      163216          10      6121.8       331.8        60.2     101.691     5.51163
      163216         100     60850.6      2792.6         339       179.5     8.23776
----------------------------------------------------------------------------------------------------
      176400           1       670.8        92.2        29.4     22.8163     3.13605
      176400           5      3295.2       210.8        49.6     66.4355        4.25
      176400          10      6597.6       358.2        65.6     100.573     5.46037
      176400         100     65629.8      3023.6       368.8     177.955     8.19848
----------------------------------------------------------------------------------------------------
      190096           1         725       101.6          31     23.3871     3.27742
      190096           5      3542.8         229        52.6     67.3536     4.35361
      190096          10        7149       390.4        70.8     100.975     5.51412
      190096         100       70775      3198.6       395.2     179.087     8.09362
----------------------------------------------------------------------------------------------------
      204304           1       771.2       109.8        34.8     22.1609     3.15517
      204304           5      3754.6       245.8        57.6      65.184     4.26736
      204304          10      7614.4       416.4        76.8     99.1458     5.42188
      204304         100     76426.6      3475.8       424.8     179.912      8.1822
----------------------------------------------------------------------------------------------------
      219024           1       826.8       117.6        37.6     21.9894     3.12766
      219024           5      4117.2       260.6        61.4     67.0554      4.2443
      219024          10      8157.6       441.2        82.4          99     5.35437
      219024         100       82107      3729.6         454     180.852     8.21498
----------------------------------------------------------------------------------------------------
      234256           1         894       122.4          39     22.9231     3.13846
      234256           5      4370.8         278        64.6     67.6594     4.30341
      234256          10      8754.4       468.2        86.2     101.559     5.43155
      234256         100       87130      4046.6       484.2     179.946     8.35729
----------------------------------------------------------------------------------------------------
      250000           1       942.4       130.4        42.4     22.2264     3.07547
      250000           5      4668.8       297.8        67.8     68.8614     4.39233
      250000          10      9466.8       504.2        91.4     103.575     5.51641
      250000         100     92542.2      4223.6         520     177.966     8.12231
----------------------------------------------------------------------------------------------------
