Running jacobi_stencil using 1 cores
    # blocks      Repeat      OpenMP         TBB    Taskflow    speedup1    speedup2
====================================================================================================
          16           1           0           0           0        -nan        -nan
          16           5           0           0           0        -nan        -nan
          16          10           0           0           0        -nan        -nan
          16         100         5.2           0           0         inf        -nan
----------------------------------------------------------------------------------------------------
         400           1           0           0           0        -nan        -nan
         400           5           0           0           0        -nan        -nan
         400          10           2           0           0         inf        -nan
         400         100       208.4           2           1       208.4           2
----------------------------------------------------------------------------------------------------
        1296           1           0           0           0        -nan        -nan
        1296           5           1           0           0         inf        -nan
        1296          10           5           1           0         inf         inf
        1296         100      1255.2           7           4       313.8        1.75
----------------------------------------------------------------------------------------------------
        2704           1           0         0.4           0        -nan         inf
        2704           5         4.2           1           0         inf         inf
        2704          10        12.2           2           1        12.2           2
        2704         100      3370.2        15.2           9     374.467     1.68889
----------------------------------------------------------------------------------------------------
        4624           1           1           1           0         inf         inf
        4624           5           7           2           1           7           2
        4624          10        24.8           4           2        12.4           2
        4624         100      6234.4        28.2          21     296.876     1.34286
----------------------------------------------------------------------------------------------------
        7056           1           1           2           0         inf         inf
        7056           5        11.6         3.8           2         5.8         1.9
        7056          10        43.2           6           4        10.8         1.5
        7056         100      9669.6          43        35.2     274.705     1.22159
----------------------------------------------------------------------------------------------------
       10000           1           2           3           1           2           3
       10000           5        18.4           5           3     6.13333     1.66667
       10000          10          74         8.6         5.8     12.7586     1.48276
       10000         100     13926.4        61.8        50.4     276.317     1.22619
----------------------------------------------------------------------------------------------------
       13456           1           3           4           1           3           4
       13456           5        26.4         7.4         4.2     6.28571      1.7619
       13456          10       105.2          12           8       13.15         1.5
       13456         100     18880.2        82.6        67.8     278.469     1.21829
----------------------------------------------------------------------------------------------------
       17424           1           4           5           2           2         2.5
       17424           5        39.2          10           6     6.53333     1.66667
       17424          10       162.6          15          10       16.26         1.5
       17424         100     24606.6         106          89     276.479     1.19101
----------------------------------------------------------------------------------------------------
       21904           1         5.2         6.2         2.8     1.85714     2.21429
       21904           5          55          13         7.8     7.05128     1.66667
       21904          10       226.4          19        13.2     17.1515     1.43939
       21904         100     31175.4       133.4       112.4     277.361     1.18683
----------------------------------------------------------------------------------------------------
       26896           1         7.2           8         3.6           2     2.22222
       26896           5          68          16         9.6     7.08333     1.66667
       26896          10         275        23.8        16.4     16.7683     1.45122
       26896         100     38546.4         164       138.6     278.113     1.18326
----------------------------------------------------------------------------------------------------
       32400           1         9.2          10           5        1.84           2
       32400           5        88.4        19.2        12.2      7.2459     1.57377
       32400          10       360.2          29        20.8     17.3173     1.39423
       32400         100     46469.4         198       168.6     275.619     1.17438
----------------------------------------------------------------------------------------------------
       38416           1        11.2          12           6     1.86667           2
       38416           5         109        23.2        15.6     6.98718     1.48718
       38416          10         440        34.6        26.8     16.4179     1.29104
       38416         100       55752       239.6       207.2     269.073     1.15637
----------------------------------------------------------------------------------------------------
       44944           1          14          14         7.6     1.84211     1.84211
       44944           5       134.8          27          20        6.74        1.35
       44944          10       540.8        40.8        33.2     16.2892     1.22892
       44944         100       65449       278.6         262     249.805     1.06336
----------------------------------------------------------------------------------------------------
       51984           1        18.2          17         9.4     1.93617     1.80851
       51984           5       148.8          32        23.6     6.30508     1.35593
       51984          10       589.4        48.6        39.6     14.8838     1.22727
       51984         100       76059       332.8         308     246.945     1.08052
----------------------------------------------------------------------------------------------------
       59536           1        20.8          20        11.4     1.82456     1.75439
       59536           5       176.6        37.4        28.6     6.17483     1.30769
       59536          10       703.2        56.2        48.8     14.4098     1.15164
       59536         100     87946.4       389.6       369.4     238.079     1.05468
----------------------------------------------------------------------------------------------------
       67600           1          24        22.6        13.4     1.79104     1.68657
       67600           5       210.2          43          34     6.18235     1.26471
       67600          10       835.6        64.8        58.4     14.3082     1.10959
       67600         100      100429       453.2       446.8     224.773     1.01432
----------------------------------------------------------------------------------------------------
       76176           1          27          26        15.4     1.75325     1.68831
       76176           5       249.4        48.8        39.8     6.26633     1.22613
       76176          10       976.8          74        67.4     14.4926     1.09792
       76176         100      114017       530.6       541.6     210.518     0.97969
----------------------------------------------------------------------------------------------------
       85264           1          30        29.4          18     1.66667     1.63333
       85264           5       286.4        55.2        46.2     6.19913     1.19481
       85264          10      1116.8        84.6        78.4     14.2449     1.07908
       85264         100      128310         617       639.8     200.547    0.964364
----------------------------------------------------------------------------------------------------
       94864           1          34          33        20.4     1.66667     1.61765
       94864           5       332.6        62.4        52.6     6.32319     1.18631
       94864          10      1279.2        97.4        91.6     13.9651     1.06332
       94864         100      143240       714.6       754.8     189.772    0.946741
----------------------------------------------------------------------------------------------------
      104976           1          42          37        22.8     1.84211     1.62281
      104976           5       345.2        70.2        60.4     5.71523     1.16225
      104976          10      1324.4         110       104.2     12.7102     1.05566
      104976         100      159358       820.4       884.4     180.187    0.927635
----------------------------------------------------------------------------------------------------
      115600           1        45.6          41        24.8     1.83871     1.65323
      115600           5         383        79.2          66     5.80303         1.2
      115600          10      1491.6       124.4       116.4     12.8144     1.06873
      115600         100      175182       939.6       997.6     175.603     0.94186
----------------------------------------------------------------------------------------------------
      126736           1        49.8          45        27.8     1.79137     1.61871
      126736           5       431.6        88.4        72.8     5.92857     1.21429
      126736          10      1682.8       139.6         127     13.2504     1.09921
      126736         100      194038      1059.4      1128.2     171.989    0.939018
----------------------------------------------------------------------------------------------------
      138384           1          54          49        30.6     1.76471     1.60131
      138384           5       479.6        97.8        81.8     5.86308      1.1956
      138384          10      1849.6       156.4       142.6     12.9705     1.09677
      138384         100      212131      1187.8      1283.6     165.262    0.925366
----------------------------------------------------------------------------------------------------
      150544           1        58.8          54          34     1.72941     1.58824
      150544           5       530.2       106.8        89.8     5.90423     1.18931
      150544          10      2043.4       170.2       158.4     12.9003     1.07449
      150544         100      231481      1322.8      1415.2     163.568    0.934709
----------------------------------------------------------------------------------------------------
      163216           1        63.2          58        36.6     1.72678      1.5847
      163216           5       589.4         117        96.6     6.10145     1.21118
      163216          10      2261.4       186.2       171.8      13.163     1.08382
      163216         100      251416      1463.4        1553     161.891    0.942305
----------------------------------------------------------------------------------------------------
      176400           1        68.4        63.4          40        1.71       1.585
      176400           5       648.8       127.6       107.2     6.05224      1.1903
      176400          10        2473       205.6       189.8     13.0295     1.08325
      176400         100      274864      1611.2      1729.8     158.899    0.931437
----------------------------------------------------------------------------------------------------
      190096           1        74.8        68.6        43.2     1.73148     1.58796
      190096           5       727.6       137.2       115.8     6.28325      1.1848
      190096          10      2729.8         222       203.2     13.4341     1.09252
      190096         100      298427      1747.2      1870.6     159.536    0.934032
----------------------------------------------------------------------------------------------------
      204304           1        94.4        74.2        47.2           2     1.57203
      204304           5       733.2       151.8       126.2     5.80983     1.20285
      204304          10      2770.8       244.6       223.2      12.414     1.09588
      204304         100      320368      1923.6      2066.6     155.022    0.930804
----------------------------------------------------------------------------------------------------
      219024           1        99.4        79.2          51     1.94902     1.55294
      219024           5       795.8       161.8       134.6     5.91233     1.20208
      219024          10      3002.6       259.2         242     12.4074     1.07107
      219024         100      343969        2050      2236.2     153.818    0.916734
----------------------------------------------------------------------------------------------------
      234256           1         105          85        54.6     1.92308     1.55678
      234256           5       863.6         173       149.8     5.76502     1.15487
      234256          10      3247.2       287.6       261.8     12.4034     1.09855
      234256         100      373543      2330.4      2450.2     152.454    0.951106
----------------------------------------------------------------------------------------------------
      250000           1         112          91        58.6     1.91126      1.5529
      250000           5       936.2       188.8       155.2     6.03222     1.21649
      250000          10      3515.6       298.8         286     12.2923     1.04476
      250000         100      399454      2436.4      2645.4     150.999    0.920995
----------------------------------------------------------------------------------------------------
