Thread   TBB        TF
1       506.811     504.869 
2       264.334     263.679 
3       185.731     185.313 
4       144.207     143.674 
5       118.384     118.239 
6       101.202     100.852 
7       89.253     88.6931 
8       80.8663     80.7098 
9       76.6569     76.5585 
10       69.83     69.8744 
11       64.71     64.3059 
12     60.7568     60.6513 
13     57.7598     57.7295 
14      54.192     54.2151 



            
            
            
            
            
            
            
            
            
            
            
            
            
            
