Number of threads = 8
    # Epochs      OpenMP         TBB    Taskflow    speedup1    speedup2
42.311 33.372 40.26 35.279 34.94 34.032 26.706 30.246 33.386 34.127 
          10           0           0           0        -nan        -nan
484.036 438.434 258.951 458.18 416.796 384.197 438.011 332.25 372.187 407.846 
          30           0           0           0        -nan        -nan
1006.58 1116 963.802 724.151 904.417 800.64 916.449 970.006 834.703 846.83 
          50           0           0           0        -nan        -nan
1358.71 1491.35 1401.08 1528.58 1568.32 1463.57 1570.35 1354.27 1288.04 1135.65 
          70           0           0           0        -nan        -nan
1905.6 2955.35 1926.21 1834.09 1748.97 2248.69 2570.22 1642.77 2657.54 1991.93 
          90           0           0           0        -nan        -nan 


Avg
34.4659
399.088
908.35
1415.992
2148.13
