Number of threads = 8
    # Epochs      OpenMP         TBB    Taskflow    speedup1    speedup2
49.331 52.826 49.932 44.88 61.338 47.855 33.999 34.338 34.192 58.392 
          10           0           0           0        -nan        -nan
744.591 650.521 685.831 750.011 559.592 645.69 650.904 655.33 660.307 662.536 
          30           0           0           0        -nan        -nan
1135.99 2249.16 1983.74 1255.22 1611.15 1717.51 1227.32 2353.34 1566.89 1434.55 
          50           0           0           0        -nan        -nan
2405.99 3310.92 2294.24 2425.7 2337.58 2386.79 2497.22 1979.59 2962.83 2221.06 
          70           0           0           0        -nan        -nan
2708.53 4797.11 2980.7 3260.52 4004.92 3784.26 4405.19 3185.33 3714.66 3746.42 
          90           0           0           0        -nan        -nan 




49.331+52.826+49.932+44.88+61.338+47.855+33.999+34.338+34.192+58.392+
46.7

744.591+650.521+685.831+750.011+559.592+645.69+650.904+655.33+660.307+662.536+
666.531

1135.99+2249.16+1983.74+1255.22+1611.15+1717.51+1227.32+2353.34+1566.89+1434.55+
1653.48

2405.99+3310.92+2294.24+2425.7+2337.58+2386.79+2497.22+1979.59+2962.83+2221.06+
2482.19

2708.53+4797.11+2980.7+3260.52+4004.92+3784.26+4405.19+3185.33+3714.66+3746.42+
3658.76


46.7
666.531
1653.48
2482.19
3658.76


