Running framework using 12 cores
     |V|+|E|      Repeat         OMP         TBB          TF    speedup1    speedup2
====================================================================================================
           2           1       6.143       0.095       5.891       1.043       0.016
                       5       0.040       0.016       0.723       0.056       0.022
                      10       0.077       0.016       0.657       0.118       0.024
                     100       0.653       0.048       0.628       1.040       0.076
----------------------------------------------------------------------------------------------------
         832           1       0.927       0.146       0.609       1.522       0.240
                       5       4.550       1.652       0.588       7.743       2.812
                      10       9.112       2.215      12.755       0.714       0.174
                     100      90.239      15.147       6.767      13.335       2.238
----------------------------------------------------------------------------------------------------
        3208           1       6.449       0.616      12.813       0.503       0.048
                       5      17.037       1.919      12.300       1.385       0.156
                      10      34.314       3.509      12.414       2.764       0.283
                     100     343.099      24.089      10.265      33.424       2.347
----------------------------------------------------------------------------------------------------
        7307           1       7.619       1.273      12.586       0.605       0.101
                       5      38.087       3.372      12.078       3.153       0.279
                      10      75.996       9.436       9.527       7.977       0.990
                     100     759.101      41.944      18.766      40.451       2.235
----------------------------------------------------------------------------------------------------
       12933           1      13.460       6.077       9.284       1.450       0.655
                       5      66.670       5.307      11.070       6.023       0.479
                      10     133.445       9.268      11.354      11.753       0.816
                     100    1336.112      67.667      28.417      47.018       2.381
----------------------------------------------------------------------------------------------------
       20096           1      20.651       5.556       6.439       3.207       0.863
                       5     104.261       9.512       5.647      18.463       1.684
                      10     207.946      17.322       7.055      29.477       2.455
                     100    2074.276     103.587      39.630      52.341       2.614
----------------------------------------------------------------------------------------------------
       28895           1      30.082       6.861       9.316       3.229       0.736
                       5     148.393      16.754       6.278      23.638       2.669
                      10     296.346      18.836       7.727      38.353       2.438
                     100    2970.038     150.157      52.634      56.429       2.853
----------------------------------------------------------------------------------------------------
       39044           1      40.033       7.198       8.624       4.642       0.835
                       5     202.600      17.870       6.769      29.929       2.640
                      10     402.866      24.768       6.248      64.481       3.964
                     100    4030.232     196.955      51.343      78.496       3.836
----------------------------------------------------------------------------------------------------
       50970           1      52.712       7.955       7.515       7.015       1.059
                       5     262.646      22.188       5.590      46.983       3.969
                      10     526.861      34.305       8.104      65.012       4.233
                     100    5253.195     258.274      66.859      78.571       3.863
----------------------------------------------------------------------------------------------------
       64167           1      66.977      13.879       4.647      14.413       2.987
                       5     332.707      27.508       5.888      56.504       4.672
                      10     664.547      41.202       9.769      68.023       4.217
                     100    6641.071     322.747      78.385      84.724       4.117
----------------------------------------------------------------------------------------------------
       79684           1      81.822      15.755       3.923      20.855       4.016
                       5     409.870      28.261       7.108      57.666       3.976
                      10     819.351      48.822      11.808      69.392       4.135
                     100    8197.554     395.384      93.313      87.850       4.237
----------------------------------------------------------------------------------------------------
       96020           1      99.489      15.553       3.631      27.403       4.284
                       5     494.800      35.783       8.253      59.952       4.336
                      10     988.927      59.290      13.444      73.557       4.410
                     100    9884.607     477.760     107.826      91.672       4.431
----------------------------------------------------------------------------------------------------
      114018           1     118.230      18.397       4.369      27.064       4.211
                       5     587.052      41.968       9.610      61.090       4.367
                      10    1175.190      68.618      15.734      74.690       4.361
                     100   11729.936     564.521     121.511      96.534       4.646
----------------------------------------------------------------------------------------------------
      134319           1     139.551      22.473       5.216      26.752       4.308
                       5     688.170      50.209      10.942      62.890       4.588
                      10    1377.739      81.288      18.068      76.255       4.499
                     100   13779.365     658.548     134.860     102.176       4.883
----------------------------------------------------------------------------------------------------
      155090           1     161.967      25.197       5.920      27.358       4.256
                       5     798.577      54.774      12.582      63.470       4.353
                      10    1596.077      92.204      20.745      76.937       4.445
                     100   15943.095     759.172     149.867     106.382       5.066
----------------------------------------------------------------------------------------------------
      178108           1     185.947      28.524       6.882      27.019       4.145
                       5     917.262      61.422      14.517      63.184       4.231
                      10    1829.118     104.832      24.413      74.923       4.294
                     100   18307.990     867.309     169.576     107.963       5.115
----------------------------------------------------------------------------------------------------
      203063           1     210.981      31.896       8.080      26.112       3.948
                       5    1040.028      69.601      16.941      61.393       4.109
                      10    2079.984     119.329      27.846      74.695       4.285
                     100   20808.498     986.597     193.370     107.610       5.102
----------------------------------------------------------------------------------------------------
      228582           1     237.103      35.454       9.160      25.883       3.870
                       5    1176.995      78.781      19.071      61.717       4.131
                      10    2348.638     133.320      29.812      78.782       4.472
                     100   23502.138    1111.833     216.006     108.803       5.147
----------------------------------------------------------------------------------------------------
      256886           1     263.388      40.108      10.454      25.195       3.837
                       5    1317.723      88.293      22.376      58.891       3.946
                      10    2632.841     149.166      33.798      77.899       4.413
                     100   26322.167    1245.997     251.698     104.578       4.950
----------------------------------------------------------------------------------------------------
      286044           1     295.711      44.510      11.623      25.441       3.829
                       5    1462.166      98.792      24.368      60.004       4.054
                      10    2924.790     166.783      38.451      76.065       4.338
                     100   29336.196    1390.013     284.981     102.941       4.878
----------------------------------------------------------------------------------------------------
      316049           1     328.687      50.393      13.191      24.917       3.820
                       5    1622.318     110.643      27.818      58.320       3.977
                      10    3250.240     184.832      43.780      74.241       4.222
                     100   32485.712    1538.116     327.451      99.208       4.697
----------------------------------------------------------------------------------------------------
      348915           1     362.758      55.536      14.724      24.637       3.772
                       5    1793.664     121.804      31.155      57.573       3.910
                      10    3582.266     204.323      48.518      73.834       4.211
                     100   35829.684    1701.149     368.281      97.289       4.619
----------------------------------------------------------------------------------------------------
      382367           1     398.101      61.737      16.690      23.853       3.699
                       5    1970.434     134.771      34.047      57.874       3.958
                      10    3935.749     225.715      54.893      71.699       4.112
                     100   39345.017    1863.826     414.745      94.866       4.494
----------------------------------------------------------------------------------------------------
      417524           1     435.146      66.682      17.649      24.656       3.778
                       5    2155.636     147.007      37.662      57.237       3.903
                      10    4298.075     246.284      60.493      71.051       4.071
                     100   42973.364    2042.316     453.532      94.753       4.503
----------------------------------------------------------------------------------------------------
      456343           1     476.185      73.189      19.621      24.270       3.730
                       5    2345.270     160.821      41.135      57.014       3.910
                      10    4684.990     269.109      65.587      71.432       4.103
                     100   46775.469    2226.069     506.968      92.265       4.391
----------------------------------------------------------------------------------------------------
      494367           1     515.957      79.948      21.369      24.145       3.741
                       5    2534.243     174.693      45.348      55.884       3.852
                      10    5070.425     293.667      72.227      70.201       4.066
                     100   50605.404    2415.809     550.576      91.914       4.388
----------------------------------------------------------------------------------------------------
      535459           1     554.326      86.940      23.407      23.682       3.714
                       5    2738.541     188.416      48.548      56.409       3.881
                      10    5472.393     320.218      78.628      69.598       4.073
                     100   54785.605    2622.375     602.716      90.898       4.351
----------------------------------------------------------------------------------------------------
      576265           1     598.043      93.935      25.287      23.650       3.715
                       5    2959.013     204.439      52.536      56.323       3.891
                      10    5906.074     347.726      86.404      68.354       4.024
                     100   59156.698    2832.026     655.351      90.267       4.321
----------------------------------------------------------------------------------------------------
      618853           1     644.014     103.239      28.533      22.571       3.618
                       5    3184.498     221.283      55.967      56.900       3.954
                      10    6361.893     370.485      91.865      69.253       4.033
                     100   63569.879    3050.926     702.417      90.502       4.343
----------------------------------------------------------------------------------------------------
      663994           1     692.466     109.167      29.883      23.172       3.653
                       5    3415.228     237.724      59.566      57.336       3.991
                      10    6830.148     398.755      98.144      69.593       4.063
                     100   68186.724    3277.548     759.775      89.746       4.314
----------------------------------------------------------------------------------------------------
      711558           1     735.951     117.574      30.551      24.089       3.848
                       5    3662.980     254.662      64.623      56.682       3.941
                      10    7312.691     426.519     106.272      68.811       4.013
                     100   72993.689    3505.915     813.585      89.719       4.309
----------------------------------------------------------------------------------------------------
