Running framework using 11 cores
     |V|+|E|      Repeat         OMP         TBB          TF    speedup1    speedup2
====================================================================================================
           2           1       6.347       0.090       8.028       0.791       0.011
                       5       0.034       0.013       0.600       0.057       0.022
                      10       0.069       0.018       0.706       0.098       0.025
                     100       0.640       0.063       0.629       1.017       0.100
----------------------------------------------------------------------------------------------------
         846           1       0.862       0.147       0.592       1.456       0.248
                       5       4.291       1.266       6.076       0.706       0.208
                      10       8.572       1.921      12.457       0.688       0.154
                     100      84.645      11.070       9.056       9.347       1.222
----------------------------------------------------------------------------------------------------
        3310           1       3.207       0.708       5.514       0.582       0.128
                       5      16.122       1.892      12.277       1.313       0.154
                      10      32.533       3.499      12.375       2.629       0.283
                     100     321.017      22.960       9.729      32.996       2.360
----------------------------------------------------------------------------------------------------
        7329           1       7.206       1.318      12.492       0.577       0.105
                       5      35.486       3.340      11.783       3.012       0.283
                      10      70.856       5.919      11.685       6.064       0.507
                     100     707.361      39.009      16.784      42.146       2.324
----------------------------------------------------------------------------------------------------
       12926           1      12.605       6.758       8.886       1.419       0.761
                       5      62.650       5.314      11.291       5.549       0.471
                      10     124.849       9.355      10.380      12.028       0.901
                     100    1247.982      72.904      25.676      48.605       2.839
----------------------------------------------------------------------------------------------------
       20015           1      19.482       3.893      10.591       1.840       0.368
                       5      97.291       7.711      10.458       9.303       0.737
                      10     193.620      14.499       8.270      23.414       1.753
                     100    1941.440     106.690      36.360      53.395       2.934
----------------------------------------------------------------------------------------------------
       28904           1      27.908       6.086       8.136       3.430       0.748
                       5     138.688      10.768       9.487      14.618       1.135
                      10     277.621      17.947       6.623      41.920       2.710
                     100    2782.790     148.593      48.053      57.911       3.092
----------------------------------------------------------------------------------------------------
       39224           1      38.226      10.133       7.526       5.079       1.346
                       5     191.250      14.624       6.874      27.824       2.128
                      10     378.769      26.799       7.353      51.514       3.645
                     100    3778.102     200.818      61.006      61.930       3.292
----------------------------------------------------------------------------------------------------
       51033           1      49.296       9.603       7.229       6.819       1.328
                       5     246.270      18.445       6.971      35.326       2.646
                      10     491.841      30.441       9.178      53.591       3.317
                     100    4914.131     255.738      78.327      62.739       3.265
----------------------------------------------------------------------------------------------------
       64454           1      62.771      15.158       5.103      12.300       2.970
                       5     311.026      23.286       6.543      47.534       3.559
                      10     621.884      41.166      11.294      55.065       3.645
                     100    6198.809     324.929      92.847      66.764       3.500
----------------------------------------------------------------------------------------------------
       79620           1      77.214      14.951       3.817      20.228       3.917
                       5     380.860      30.575       7.761      49.076       3.940
                      10     766.629      52.436      13.757      55.726       3.812
                     100    7658.489     400.258     112.485      68.084       3.558
----------------------------------------------------------------------------------------------------
       96296           1      93.333      15.446       3.828      24.382       4.035
                       5     463.761      35.639       9.602      48.299       3.712
                      10     925.144      60.815      15.996      57.836       3.802
                     100    9232.491     477.043     131.298      70.317       3.633
----------------------------------------------------------------------------------------------------
      114121           1     110.816      18.239       4.747      23.343       3.842
                       5     547.627      41.011      10.991      49.825       3.731
                      10    1099.589      68.408      18.200      60.418       3.759
                     100   10969.430     562.631     146.227      75.017       3.848
----------------------------------------------------------------------------------------------------
      134620           1     130.370      21.375       5.448      23.930       3.924
                       5     644.661      48.103      12.583      51.234       3.823
                      10    1284.404      80.120      20.947      61.316       3.825
                     100   12864.001     657.556     163.913      78.480       4.012
----------------------------------------------------------------------------------------------------
      155541           1     150.174      24.871       6.348      23.657       3.918
                       5     746.865      55.497      14.446      51.700       3.842
                      10    1485.392      91.955      23.389      63.507       3.931
                     100   14927.296     761.575     188.428      79.220       4.042
----------------------------------------------------------------------------------------------------
      178344           1     174.126      28.524       7.349      23.695       3.882
                       5     859.544      61.997      16.536      51.979       3.749
                      10    1714.367     105.305      27.081      63.305       3.888
                     100   17161.201     873.920     209.956      81.737       4.162
----------------------------------------------------------------------------------------------------
      202819           1     197.013      32.062       8.471      23.257       3.785
                       5     974.510      70.129      19.345      50.376       3.625
                      10    1951.836     119.750      31.092      62.777       3.852
                     100   19515.230     991.836     235.911      82.723       4.204
----------------------------------------------------------------------------------------------------
      228792           1     222.364      35.603       9.734      22.845       3.658
                       5    1101.126      78.782      21.556      51.081       3.655
                      10    2191.988     133.593      34.013      64.446       3.928
                     100   21907.782    1115.661     266.560      82.187       4.185
----------------------------------------------------------------------------------------------------
      256386           1     251.014      40.365      11.321      22.172       3.565
                       5    1233.117      88.509      24.297      50.753       3.643
                      10    2456.936     149.846      39.172      62.722       3.825
                     100   24599.312    1252.009     307.600      79.972       4.070
----------------------------------------------------------------------------------------------------
      285992           1     278.342      44.820      12.232      22.755       3.664
                       5    1375.401      99.641      27.749      49.565       3.591
                      10    2743.870     167.498      44.533      61.614       3.761
                     100   27461.298    1402.650     352.698      77.861       3.977
----------------------------------------------------------------------------------------------------
      316367           1     308.435      50.143      14.097      21.879       3.557
                       5    1520.159     110.506      31.435      48.359       3.515
                      10    3043.052     186.163      49.721      61.202       3.744
                     100   30396.571    1551.425     393.039      77.337       3.947
----------------------------------------------------------------------------------------------------
      348775           1     341.176      54.978      15.282      22.325       3.597
                       5    1674.193     123.357      35.121      47.670       3.512
                      10    3349.935     205.212      55.597      60.254       3.691
                     100   33465.526    1715.422     441.587      75.785       3.885
----------------------------------------------------------------------------------------------------
      382611           1     373.247      61.045      17.620      21.183       3.464
                       5    1833.370     133.977      39.136      46.847       3.423
                      10    3660.345     224.504      61.503      59.515       3.650
                     100   36616.369    1875.585     490.010      74.726       3.828
----------------------------------------------------------------------------------------------------
      418382           1     409.374      67.095      18.970      21.580       3.537
                       5    2001.688     146.622      41.907      47.765       3.499
                      10    3999.543     246.938      68.718      58.202       3.594
                     100   40053.910    2055.138     543.386      73.712       3.782
----------------------------------------------------------------------------------------------------
      455775           1     446.484      73.495      21.076      21.184       3.487
                       5    2188.118     160.368      46.220      47.341       3.470
                      10    4374.682     271.516      74.476      58.739       3.646
                     100   43802.309    2240.482     595.996      73.494       3.759
----------------------------------------------------------------------------------------------------
      494423           1     484.613      78.711      22.447      21.589       3.507
                       5    2385.038     176.145      50.186      47.524       3.510
                      10    4772.598     295.532      81.141      58.818       3.642
                     100   47572.461    2447.562     654.224      72.716       3.741
----------------------------------------------------------------------------------------------------
      534545           1     519.202      86.604      24.507      21.186       3.534
                       5    2583.098     189.147      53.374      48.396       3.544
                      10    5151.295     319.936      88.469      58.227       3.616
                     100   51459.879    2655.874     708.307      72.652       3.750
----------------------------------------------------------------------------------------------------
      576172           1     563.257      95.120      27.553      20.443       3.452
                       5    2767.307     204.953      58.297      47.469       3.516
                      10    5545.422     346.667      96.295      57.588       3.600
                     100   55404.964    2857.103     772.461      71.725       3.699
----------------------------------------------------------------------------------------------------
      619889           1     606.209     102.595      30.171      20.092       3.400
                       5    2988.030     222.098      62.294      47.967       3.565
                      10    5962.774     372.982     103.392      57.672       3.607
                     100   59569.391    3085.924     826.245      72.097       3.735
----------------------------------------------------------------------------------------------------
      664006           1     649.451     111.253      32.256      20.135       3.449
                       5    3198.847     238.665      66.185      48.332       3.606
                      10    6389.989     400.313     109.940      58.123       3.641
                     100   63611.142    3303.801     882.496      72.081       3.744
----------------------------------------------------------------------------------------------------
      711310           1     689.010     116.540      32.533      21.179       3.582
                       5    3402.260     255.713      70.827      48.036       3.610
                      10    6803.924     427.443     119.187      57.086       3.586
                     100   68011.259    3538.919     945.536      71.929       3.743
----------------------------------------------------------------------------------------------------
