x   TF  Copy
1	   1	7
2	   2	14
3	   3	21
4	   4	28
5	   5	35
6	   6	42
7	   7	49
8	   8	56
9	   9	63
10	10	70
11	11	77
12	12	84
13	13	91
14	14	98
15	15	105
16	16	112
17	17	119
18	18	126
19	19	133
20	20	140
21	21	147
22	22	154
23	23	161
24	24	168
25	25	175
26	26	182
27	27	189
28	28	196
29	29	203
30	30	210
31	31	217
32	32	224
33	33	231
34	34	238
35	35	245
36	36	252
37	37	259
38	38	266
39	39	273
40	40	280
41	41	287
42	42	294
43	43	301
44	44	308
45	45	315
46	46	322
47	47	329
48	48	336
49	49	343
50	50	350
51	51	357
52	52	364
53	53	371
54	54	378
55	55	385
56	56	392
57	57	399
58	58	406
59	59	413
60	60	420
61	61	427
62	62	434
63	63	441
64	64	448
65	65	455
66	66	462
67	67	469
68	68	476
69	69	483
70	70	490
71	71	497
72	72	504
73	73	511

