Number of threads = 8
    # Epochs      OpenMP         TBB    Taskflow    speedup1    speedup2
34.907 42.87 46.163 48.428 33.326 47.911 42.442 37.242 33.049 33.186 
          10           0           0           0        -nan        -nan
633.298 541.387 627.707 572.999 664.166 750.15 635.735 529.548 848.578 728.88 
          30           0           0           0        -nan        -nan
1256.2 1312.1 1416.9 1267.12 1466.16 1454.3 1618.69 1337.94 1230.56 1391.24 
          50           0           0           0        -nan        -nan
2533.4 2114.78 2117.45 2584.34 2926.39 2307.03 3411.27 2133.93 3023.1 2168.6 
          70           0           0           0        -nan        -nan
3002.13 2791.3 4363.55 2931.47 2483 4501.25 2632.49 2998.13 3012.72 3078.36 
          90           0           0           0        -nan        -nan
