Number of threads = 8
    # Epochs      OpenMP         TBB    Taskflow    speedup1    speedup2
27.119 26.135 25.981 39.283 26.198 35.297 25.737 26.031 31.104 32.922 
          10           0           0           0        -nan        -nan
382.924 315.588 341.078 319.633 346.995 289.994 392.311 456.886 469.846 394.911 
          30           0           0           0        -nan        -nan
604.265 793.919 892.248 933.33 991.881 821.144 846.389 894.729 845.164 813.994 
          50           0           0           0        -nan        -nan
1105.33 1258.68 1377.62 1197.02 1260.37 1446.8 1235.95 986.136 1072.82 984.946 
          70           0           0           0        -nan        -nan
1801.43 1854.09 1621.24 1872.14 1803.27 1575.54 1898.3 1662.6 1669.29 1883.28 
          90           0           0           0        -nan        -nan 


Avg
29.58
371.01
843.70
1192.56
1764.11





