Number of threads = 8
    # Epochs      OpenMP         TBB    Taskflow    speedup1    speedup2
55.618 46.451 35.508 43.171 57.303 34.085 33.921 57.459 35.387 56.217 
          10           0           0           0        -nan        -nan
761.861 739.397 736.364 739.448 662.182 661.032 682.835 731.694 654.454 693.723 
          30           0           0           0        -nan        -nan
1438.58 1334.9 2522.92 1406.59 1509.43 1456.96 1911.11 1561.36 1399.45 1577.43 
          50           0           0           0        -nan        -nan
2155.49 3941.31 3604.98 3792.55 2356.25 2052.86 2192.14 2329.7 2318.56 2326.54 
          70           0           0           0        -nan        -nan
4845.06 3389.96 4480.6 2787.85 4775.84 4455.53 2889.32 4353.14 2898.46 4878.28 
          90           0           0           0        -nan        -nan 




55.618+46.451+35.508+43.171+57.303+34.085+33.921+57.459+35.387+56.217+
45.512

761.861+739.397+736.364+739.448+662.182+661.032+682.835+731.694+654.454+693.723+
706.29

1438.58+1334.9+2522.92+1406.59+1509.43+1456.96+1911.11+1561.36+1399.45+1577.43+
1611.87

2155.49+3941.31+3604.98+3792.55+2356.25+2052.86+2192.14+2329.7+2318.56+2326.54+
2707.03

4845.06+3389.96+4480.6+2787.85+4775.84+4455.53+2889.32+4353.14+2898.46+4878.28+
3975.40

