Number of threads = 8
    # Epochs      OpenMP         TBB    Taskflow    speedup1    speedup2
56.982 60.107 38.089 62.763 60.113 60.338 36.517 41.86 45.089 49.41 
          10           0           0           0        -nan        -nan
498.361 513.679 513.49 499.438 524.954 510.857 613.742 572.099 522.202 365.432 
          30           0           0           0        -nan        -nan
1080.81 901.104 994.776 947.831 1035.53 1508.05 961.018 967.027 1075.59 1434.61 
          50           0           0           0        -nan        -nan
1421.36 1547.17 1489.25 1232.69 1479.2 1452.21 1380.88 1456.75 1481.38 1379.36 
          70           0           0           0        -nan        -nan
1973.69 1975.05 1818.13 2193.29 2146.43 2034.48 3784.85 1996.04 2967.58 1916.02 
          90           0           0           0        -nan        -nan 

Avg
51.1268
513
1090.634
1432.025
2280.556
