Num threads = 14
    # Epochs      OpenMP         TBB    Taskflow    speedup1    speedup2
          10           0           0      26.414           0           0
          20           0           0     221.621           0           0
          30           0           0     499.667           0           0
          40           0           0     708.592           0           0
          50           0           0      1023.2           0           0
          60           0           0      1240.4           0           0
          70           0           0     1529.03           0           0
          80           0           0     1846.34           0           0
          90           0           0     2206.09           0           0
         100           0           0     2510.07           0           0
