Running framework using 1 cores
     |V|+|E|      Repeat         OMP         TBB          TF    speedup1    speedup2
====================================================================================================
           2           1       0.008       0.180       0.156       0.054       1.148
                       5       0.011       0.014       0.079       0.142       0.183
                      10       0.021       0.019       0.079       0.263       0.243
                     100       0.191       0.120       0.105       1.808       1.135
----------------------------------------------------------------------------------------------------
         875           1       0.441       0.447       0.252       1.751       1.774
                       5       1.329       0.510       0.290       4.588       1.762
                      10       1.589       0.507       0.282       5.628       1.796
                     100      10.153       2.553       1.363       7.447       1.873
----------------------------------------------------------------------------------------------------
        3318           1       0.437       0.389       0.180       2.432       2.167
                       5       1.976       0.759       0.386       5.118       1.965
                      10       3.966       1.227       0.662       5.989       1.852
                     100      38.893       9.510       5.484       7.092       1.734
----------------------------------------------------------------------------------------------------
        7359           1       1.074       0.853       0.335       3.209       2.547
                       5       5.182       1.693       0.838       6.185       2.021
                      10      10.432       2.775       1.523       6.851       1.823
                     100     101.830      21.411      13.419       7.588       1.596
----------------------------------------------------------------------------------------------------
       12755           1       1.913       1.524       0.620       3.087       2.460
                       5       9.381       3.077       1.781       5.267       1.728
                      10      18.777       5.030       3.190       5.886       1.577
                     100     185.521      40.603      29.156       6.363       1.393
----------------------------------------------------------------------------------------------------
       20124           1       3.231       2.377       1.007       3.207       2.359
                       5      15.616       4.839       3.062       5.100       1.580
                      10      32.066       8.148       5.778       5.549       1.410
                     100     313.151      65.765      51.411       6.091       1.279
----------------------------------------------------------------------------------------------------
       28869           1       4.613       3.457       1.533       3.010       2.256
                       5      22.755       7.296       4.898       4.646       1.490
                      10      44.911      12.217       9.179       4.893       1.331
                     100     448.136     100.376      86.318       5.192       1.163
----------------------------------------------------------------------------------------------------
       38914           1       6.447       4.683       2.175       2.964       2.153
                       5      31.817      10.099       6.911       4.604       1.461
                      10      64.310      17.012      12.879       4.993       1.321
                     100     644.782     140.869     120.278       5.361       1.171
----------------------------------------------------------------------------------------------------
       51070           1       8.804       6.200       2.982       2.953       2.079
                       5      42.713      13.457       9.546       4.474       1.410
                      10      83.942      22.564      17.440       4.813       1.294
                     100     834.389     186.306     159.371       5.236       1.169
----------------------------------------------------------------------------------------------------
       64441           1      11.262       8.115       3.981       2.829       2.039
                       5      53.100      17.182      13.390       3.966       1.283
                      10     105.754      29.184      23.671       4.468       1.233
                     100    1108.386     239.794     205.417       5.396       1.167
----------------------------------------------------------------------------------------------------
       79273           1      15.915      10.349       5.355       2.972       1.932
                       5      77.444      21.956      17.544       4.414       1.251
                      10     123.619      36.090      30.006       4.120       1.203
                     100    1530.791     297.559     256.061       5.978       1.162
----------------------------------------------------------------------------------------------------
       96055           1       7.805      13.162       6.303       1.238       2.088
                       5      37.923      28.855      19.081       1.988       1.512
                      10     133.413      44.406      38.365       3.477       1.157
                     100    1551.308     365.695     318.208       4.875       1.149
----------------------------------------------------------------------------------------------------
      114179           1       8.972      16.610       7.862       1.141       2.113
                       5      44.237      35.803      24.631       1.796       1.454
                      10      87.731      58.250      44.266       1.982       1.316
                     100     883.713     455.741     398.229       2.219       1.144
----------------------------------------------------------------------------------------------------
      134095           1      10.436      20.415       9.879       1.056       2.067
                       5      51.428      44.271      31.306       1.643       1.414
                      10      99.318      71.429      55.580       1.787       1.285
                     100     986.569     555.343     490.666       2.011       1.132
----------------------------------------------------------------------------------------------------
      155320           1      11.500      24.546      12.482       0.921       1.967
                       5      56.792      53.866      38.985       1.457       1.382
                      10     113.888      87.901      69.879       1.630       1.258
                     100    1125.819     683.774     593.190       1.898       1.153
----------------------------------------------------------------------------------------------------
      178446           1      12.979      28.494      14.958       0.868       1.905
                       5      63.945      65.447      48.810       1.310       1.341
                      10     125.890     107.640      88.633       1.420       1.214
                     100    1252.572     842.306     759.076       1.650       1.110
----------------------------------------------------------------------------------------------------
      202761           1      14.333      32.835      17.745       0.808       1.850
                       5      70.341      76.909      58.542       1.202       1.314
                      10     139.830     129.191     107.568       1.300       1.201
                     100    1395.920    1039.582     957.416       1.458       1.086
----------------------------------------------------------------------------------------------------
      229039           1      16.009      37.303      20.623       0.776       1.809
                       5      77.223      90.208      70.710       1.092       1.276
                      10     156.650     152.754     130.552       1.200       1.170
                     100    1557.807    1254.187    1184.607       1.315       1.059
----------------------------------------------------------------------------------------------------
      256401           1      16.984      41.956      23.944       0.709       1.752
                       5      83.242     104.558      85.221       0.977       1.227
                      10     171.242     179.623     155.728       1.100       1.153
                     100    1644.284    1510.748    1438.490       1.143       1.050
----------------------------------------------------------------------------------------------------
      285617           1      18.612      46.895      27.386       0.680       1.712
                       5      92.216     118.628      97.150       0.949       1.221
                      10     185.085     206.964     182.044       1.017       1.137
                     100    1839.101    1756.841    1712.870       1.074       1.026
----------------------------------------------------------------------------------------------------
      316650           1      20.520      52.569      30.858       0.665       1.704
                       5      99.505     134.919     111.109       0.896       1.214
                      10     199.203     234.958     209.232       0.952       1.123
                     100    1975.184    2021.444    1999.563       0.988       1.011
----------------------------------------------------------------------------------------------------
      348887           1      22.141      57.898      34.715       0.638       1.668
                       5     107.701     150.193     125.940       0.855       1.193
                      10     216.440     263.754     239.073       0.905       1.103
                     100    2147.635    2300.818    2297.163       0.935       1.002
----------------------------------------------------------------------------------------------------
      382557           1      23.945      63.730      38.687       0.619       1.647
                       5     117.005     167.456     140.846       0.831       1.189
                      10     232.622     295.174     269.743       0.862       1.094
                     100    2336.659    2588.401    2592.080       0.901       0.999
----------------------------------------------------------------------------------------------------
      418238           1      25.967      69.919      42.818       0.606       1.633
                       5     128.434     185.577     158.697       0.809       1.169
                      10     251.587     329.140     301.438       0.835       1.092
                     100    2510.703    2891.479    2941.648       0.854       0.983
----------------------------------------------------------------------------------------------------
      454669           1      27.595      76.132      47.069       0.586       1.617
                       5     137.144     204.796     177.110       0.774       1.156
                      10     272.973     363.186     338.431       0.807       1.073
                     100    2713.139    3219.126    3271.812       0.829       0.984
----------------------------------------------------------------------------------------------------
      494300           1      30.167      83.350      51.862       0.582       1.607
                       5     148.545     224.197     194.337       0.764       1.154
                      10     289.554     398.780     371.728       0.779       1.073
                     100    2906.112    3543.282    3608.225       0.805       0.982
----------------------------------------------------------------------------------------------------
      534426           1      31.770      90.496      56.809       0.559       1.593
                       5     157.952     245.412     213.240       0.741       1.151
                      10     314.090     437.328     408.977       0.768       1.069
                     100    3151.195    3898.854    3978.318       0.792       0.980
----------------------------------------------------------------------------------------------------
      575095           1      34.531      97.647      61.610       0.560       1.585
                       5     168.658     267.440     233.387       0.723       1.146
                      10     335.778     477.317     446.783       0.752       1.068
                     100    3372.311    4252.780    4341.608       0.777       0.980
----------------------------------------------------------------------------------------------------
      619042           1      36.149     105.961      67.040       0.539       1.581
                       5     179.524     290.575     256.027       0.701       1.135
                      10     354.883     518.633     489.287       0.725       1.060
                     100    3589.262    4632.032    4749.702       0.756       0.975
----------------------------------------------------------------------------------------------------
      664707           1      38.962     113.339      72.365       0.538       1.566
                       5     190.506     312.640     277.171       0.687       1.128
                      10     382.367     560.829     531.180       0.720       1.056
                     100    3822.445    5026.201    5168.972       0.739       0.972
----------------------------------------------------------------------------------------------------
      710465           1      41.510     121.879      78.093       0.532       1.561
                       5     205.440     337.471     299.925       0.685       1.125
                      10     407.907     605.874     575.680       0.709       1.052
                     100    4074.401    5440.127    5619.588       0.725       0.968
----------------------------------------------------------------------------------------------------
