Running framework using 13 cores
     |V|+|E|      Repeat         OMP         TBB          TF    speedup1    speedup2
====================================================================================================
           2           1       5.927       0.086       5.899       1.005       0.015
                       5       0.042       0.014       3.598       0.012       0.004
                      10       0.089       0.032       2.361       0.038       0.014
                     100       0.781       0.086       1.675       0.466       0.052
----------------------------------------------------------------------------------------------------
         844           1       1.001       0.175       3.698       0.271       0.047
                       5       5.024       4.269       9.549       0.526       0.447
                      10      10.133       1.996      11.826       0.857       0.169
                     100     100.406       7.602       9.071      11.068       0.838
----------------------------------------------------------------------------------------------------
        3338           1       3.832       0.728       2.607       1.470       0.279
                       5      19.007       2.022       5.739       3.312       0.352
                      10      38.095       3.631       8.321       4.578       0.436
                     100     380.284      28.896       7.042      54.005       4.104
----------------------------------------------------------------------------------------------------
        7351           1       8.476       4.701       6.266       1.353       0.750
                       5      42.039       3.503      11.503       3.655       0.305
                      10      83.994       6.193       9.662       8.693       0.641
                     100     838.988      43.721      11.957      70.167       3.657
----------------------------------------------------------------------------------------------------
       12929           1      14.865       2.238       7.488       1.985       0.299
                       5      73.692       5.482       9.964       7.396       0.550
                      10     148.179      10.789      10.140      14.613       1.064
                     100    1478.940      76.295      16.828      87.884       4.534
----------------------------------------------------------------------------------------------------
       20109           1      22.910       4.139       8.830       2.595       0.469
                       5     114.686      10.174       9.054      12.667       1.124
                      10     229.300      20.511       6.248      36.702       3.283
                     100    2297.061     113.785      24.822      92.542       4.584
----------------------------------------------------------------------------------------------------
       28772           1      32.969       4.751       9.893       3.332       0.480
                       5     164.462      20.173       4.813      34.167       4.191
                      10     329.241      22.895       5.921      55.607       3.867
                     100    3286.702     158.387      31.696     103.693       4.997
----------------------------------------------------------------------------------------------------
       39079           1      44.505       6.678       7.939       5.606       0.841
                       5     223.624      20.194       5.315      42.072       3.799
                      10     448.216      29.458       5.506      81.405       5.350
                     100    4466.406     212.693      41.629     107.291       5.109
----------------------------------------------------------------------------------------------------
       50809           1      57.857      10.192       7.446       7.770       1.369
                       5     290.783      25.227       5.102      56.989       4.944
                      10     583.181      36.638       6.898      84.546       5.312
                     100    5822.985     267.772      51.043     114.080       5.246
----------------------------------------------------------------------------------------------------
       64485           1      74.033      14.484       5.158      14.352       2.808
                       5     367.046      31.374       5.189      70.733       6.046
                      10     736.979      45.196       8.379      87.960       5.394
                     100    7345.090     336.778      61.979     118.509       5.434
----------------------------------------------------------------------------------------------------
       79548           1      90.646      16.211       3.841      23.601       4.221
                       5     453.525      34.602       6.419      70.649       5.390
                      10     908.375      55.493      10.531      86.256       5.269
                     100    9068.690     409.911      81.301     111.545       5.042
----------------------------------------------------------------------------------------------------
       95597           1     109.462      18.531       3.653      29.967       5.073
                       5     548.205      37.831       7.483      73.260       5.056
                      10    1096.425      64.706      12.398      88.437       5.219
                     100   10977.339     495.055      89.219     123.038       5.549
----------------------------------------------------------------------------------------------------
      114398           1     131.023      22.184       4.266      30.712       5.200
                       5     651.575      45.019       9.003      72.375       5.001
                      10    1303.786      73.733      14.937      87.288       4.936
                     100   13034.585     584.580     111.612     116.785       5.238
----------------------------------------------------------------------------------------------------
      133928           1     153.597      23.750       5.103      30.098       4.654
                       5     757.335      51.265      10.347      73.191       4.954
                      10    1529.957      83.484      17.622      86.822       4.738
                     100   15273.080     682.240     114.792     133.051       5.943
----------------------------------------------------------------------------------------------------
      155112           1     179.113      26.899       5.957      30.068       4.515
                       5     887.338      57.734      11.583      76.608       4.984
                      10    1764.161      98.390      19.326      91.284       5.091
                     100   17726.620     787.066     136.216     130.136       5.778
----------------------------------------------------------------------------------------------------
      178016           1     204.896      30.660       7.139      28.702       4.295
                       5    1016.754      63.692      13.606      74.727       4.681
                      10    2033.649     109.392      21.133      96.230       5.176
                     100   20312.824     898.498     146.586     138.573       6.129
----------------------------------------------------------------------------------------------------
      202546           1     233.040      32.817       7.944      29.337       4.131
                       5    1157.794      72.075      15.489      74.748       4.653
                      10    2311.528     123.505      24.714      93.530       4.997
                     100   23109.458    1019.867     155.493     148.621       6.559
----------------------------------------------------------------------------------------------------
      228879           1     264.483      36.960       9.111      29.030       4.057
                       5    1300.953      81.246      16.979      76.619       4.785
                      10    2605.467     138.117      26.931      96.747       5.129
                     100   26057.311    1149.901     185.288     140.632       6.206
----------------------------------------------------------------------------------------------------
      256490           1     294.908      42.225      10.369      28.442       4.072
                       5    1461.064      91.639      20.878      69.980       4.389
                      10    2918.703     155.092      31.276      93.322       4.959
                     100   29201.209    1289.349     203.280     143.650       6.343
----------------------------------------------------------------------------------------------------
      285384           1     329.413      46.447      11.764      28.001       3.948
                       5    1626.872     102.328      22.517      72.251       4.545
                      10    3261.606     173.463      33.810      96.469       5.131
                     100   32466.211    1434.805     239.073     135.800       6.002
----------------------------------------------------------------------------------------------------
      316902           1     361.582      52.228      12.920      27.987       4.042
                       5    1803.949     113.288      25.532      70.655       4.437
                      10    3601.692     191.950      38.306      94.025       5.011
                     100   36004.668    1592.184     277.265     129.856       5.742
----------------------------------------------------------------------------------------------------
      347893           1     401.241      58.574      14.342      27.976       4.084
                       5    1990.324     125.513      28.438      69.987       4.414
                      10    3971.279     211.658      42.490      93.464       4.981
                     100   39689.841    1755.466     311.897     127.253       5.628
----------------------------------------------------------------------------------------------------
      382667           1     442.678      63.250      16.135      27.436       3.920
                       5    2181.004     139.292      31.980      68.199       4.356
                      10    4360.346     233.394      47.142      92.494       4.951
                     100   43558.089    1931.515     343.118     126.948       5.629
----------------------------------------------------------------------------------------------------
      418563           1     477.836      69.886      17.478      27.340       3.999
                       5    2386.313     152.220      35.475      67.268       4.291
                      10    4763.366     255.771      55.193      86.304       4.634
                     100   47577.514    2111.238     388.364     122.508       5.436
----------------------------------------------------------------------------------------------------
      455108           1     524.260      76.201      19.728      26.574       3.862
                       5    2593.596     169.726      37.892      68.447       4.479
                      10    5180.569     278.686      57.275      90.451       4.866
                     100   51851.445    2306.195     445.087     116.497       5.181
----------------------------------------------------------------------------------------------------
      493852           1     567.241      83.489      20.769      27.311       4.020
                       5    2804.599     181.224      40.113      69.918       4.518
                      10    5618.196     304.066      64.426      87.204       4.720
                     100   56207.993    2501.834     476.803     117.885       5.247
----------------------------------------------------------------------------------------------------
      533305           1     613.046      91.095      23.898      25.652       3.812
                       5    3046.086     195.990      44.438      68.547       4.410
                      10    6078.564     329.331      70.084      86.733       4.699
                     100   60757.396    2709.604     520.360     116.760       5.207
----------------------------------------------------------------------------------------------------
      576391           1     666.371     100.793      26.225      25.410       3.843
                       5    3283.933     215.770      47.772      68.742       4.517
                      10    6559.623     356.178      79.280      82.740       4.493
                     100   65530.958    2928.218     580.270     112.932       5.046
----------------------------------------------------------------------------------------------------
      619541           1     714.051     108.751      26.751      26.693       4.065
                       5    3529.149     229.220      51.347      68.731       4.464
                      10    7059.107     383.341      83.260      84.784       4.604
                     100   70524.296    3152.620     610.242     115.568       5.166
----------------------------------------------------------------------------------------------------
      664143           1     757.684     113.095      30.007      25.250       3.769
                       5    3789.678     244.700      54.821      69.128       4.464
                      10    7582.966     411.223      87.652      86.512       4.692
                     100   75706.268    3384.692     662.489     114.276       5.109
----------------------------------------------------------------------------------------------------
      711093           1     816.636     120.299      29.901      27.311       4.023
                       5    4047.060     261.149      59.011      68.581       4.425
                      10    8095.993     438.808      93.547      86.545       4.691
                     100   80856.771    3620.212     705.867     114.550       5.129
----------------------------------------------------------------------------------------------------
