Running framework using 6 cores
     |V|+|E|      Repeat         OMP         TBB          TF    speedup1    speedup2
====================================================================================================
           2           1       0.035       0.118       7.863       0.005       0.015
                       5       0.025       0.022       5.555       0.004       0.004
                      10       0.038       0.017       2.759       0.014       0.006
                     100       0.360       0.066       2.693       0.134       0.025
----------------------------------------------------------------------------------------------------
         846           1       0.484       0.349       0.849       0.570       0.411
                       5       2.411       0.424       0.715       3.370       0.593
                      10       4.663       1.696       2.232       2.089       0.760
                     100      46.575       8.655       8.016       5.810       1.080
----------------------------------------------------------------------------------------------------
        3324           1       1.807       0.571       0.449       4.022       1.271
                       5       8.861       1.778       4.313       2.055       0.412
                      10      17.692       3.186       6.257       2.827       0.509
                     100     179.047      22.056       8.133      22.016       2.712
----------------------------------------------------------------------------------------------------
        7278           1       3.982       1.438       4.846       0.822       0.297
                       5      19.619       3.114       9.444       2.077       0.330
                      10      39.195       5.557       7.121       5.504       0.780
                     100     395.097      37.475      16.249      24.316       2.306
----------------------------------------------------------------------------------------------------
       12821           1       6.922       1.974       4.461       1.552       0.442
                       5      34.655       4.803       8.192       4.230       0.586
                      10      69.048       8.812       5.934      11.637       1.485
                     100     694.658      61.034      27.223      25.518       2.242
----------------------------------------------------------------------------------------------------
       19914           1      10.865       3.029       5.988       1.814       0.506
                       5      53.589       7.372       5.775       9.280       1.277
                      10     107.122      11.552       7.709      13.896       1.498
                     100    1077.647      97.275      37.565      28.688       2.590
----------------------------------------------------------------------------------------------------
       28855           1      15.391       4.078       6.328       2.432       0.644
                       5      76.698      11.242       7.650      10.026       1.470
                      10     153.661      15.695       7.223      21.274       2.173
                     100    1539.281     141.743      51.701      29.773       2.742
----------------------------------------------------------------------------------------------------
       39128           1      20.897       5.562       7.148       2.924       0.778
                       5     104.213      14.476       6.237      16.709       2.321
                      10     208.841      23.169       8.191      25.496       2.828
                     100    2100.581     187.237      67.105      31.303       2.790
----------------------------------------------------------------------------------------------------
       50977           1      27.135       7.398       6.285       4.318       1.177
                       5     136.117      19.890       6.080      22.389       3.272
                      10     272.262      32.121       9.537      28.549       3.368
                     100    2716.938     238.895      85.369      31.826       2.798
----------------------------------------------------------------------------------------------------
       64358           1      34.509       9.209       4.845       7.122       1.901
                       5     172.017      21.302       6.580      26.142       3.237
                      10     343.383      35.303      11.655      29.461       3.029
                     100    3440.518     301.394     103.434      33.263       2.914
----------------------------------------------------------------------------------------------------
       79682           1      43.182      12.773       3.548      12.170       3.600
                       5     212.985      27.628       7.963      26.748       3.470
                      10     426.092      44.394      14.146      30.120       3.138
                     100    4251.234     368.414     121.495      34.991       3.032
----------------------------------------------------------------------------------------------------
       96160           1      51.414      14.391       3.644      14.109       3.949
                       5     256.518      31.567       9.610      26.693       3.285
                      10     514.080      53.560      16.888      30.440       3.171
                     100    5121.622     442.607     142.058      36.053       3.116
----------------------------------------------------------------------------------------------------
      114036           1      61.775      16.465       4.462      13.844       3.690
                       5     306.054      37.351      11.373      26.911       3.284
                      10     608.942      63.012      20.155      30.212       3.126
                     100    6095.647     525.137     163.842      37.205       3.205
----------------------------------------------------------------------------------------------------
      133811           1      72.006      19.534       5.496      13.101       3.554
                       5     355.826      43.346      13.923      25.556       3.113
                      10     713.146      73.982      23.714      30.073       3.120
                     100    7144.619     617.858     189.878      37.627       3.254
----------------------------------------------------------------------------------------------------
      155406           1      84.497      22.523       6.584      12.834       3.421
                       5     414.469      50.583      16.210      25.569       3.120
                      10     827.803      86.344      27.216      30.416       3.173
                     100    8279.425     715.911     218.882      37.826       3.271
----------------------------------------------------------------------------------------------------
      178325           1      96.899      25.798       7.735      12.527       3.335
                       5     476.467      57.174      19.143      24.890       2.987
                      10     952.075      97.704      31.179      30.536       3.134
                     100    9515.430     819.347     255.388      37.259       3.208
----------------------------------------------------------------------------------------------------
      202743           1     109.315      28.917       9.072      12.049       3.187
                       5     542.145      65.141      22.191      24.431       2.935
                      10    1079.695     111.156      37.966      28.438       2.928
                     100   10807.395     931.276     295.437      36.581       3.152
----------------------------------------------------------------------------------------------------
      228455           1     125.575      32.461      10.622      11.822       3.056
                       5     609.915      73.532      25.281      24.126       2.909
                      10    1222.941     125.468      42.697      28.642       2.939
                     100   12207.484    1053.146     351.442      34.735       2.997
----------------------------------------------------------------------------------------------------
      256997           1     141.827      37.372      12.263      11.566       3.048
                       5     685.217      83.069      29.214      23.455       2.843
                      10    1366.501     141.844      48.805      27.999       2.906
                     100   13676.534    1180.700     403.385      33.904       2.927
----------------------------------------------------------------------------------------------------
      285778           1     156.758      41.399      13.656      11.479       3.032
                       5     754.845      92.741      33.303      22.666       2.785
                      10    1522.962     157.169      56.244      27.078       2.794
                     100   15269.058    1323.060     464.047      32.904       2.851
----------------------------------------------------------------------------------------------------
      316579           1     173.232      45.975      15.706      11.030       2.927
                       5     844.821     103.249      38.244      22.090       2.700
                      10    1688.638     174.431      62.469      27.032       2.792
                     100   16938.501    1474.437     529.223      32.006       2.786
----------------------------------------------------------------------------------------------------
      349070           1     191.480      51.231      17.235      11.110       2.973
                       5     931.638     115.088      42.137      22.110       2.731
                      10    1861.934     194.251      71.004      26.223       2.736
                     100   18626.607    1621.318     593.414      31.389       2.732
----------------------------------------------------------------------------------------------------
      383001           1     208.287      56.499      18.810      11.073       3.004
                       5    1017.214     125.909      47.714      21.319       2.639
                      10    2039.866     214.720      80.569      25.318       2.665
                     100   20460.069    1786.197     670.324      30.523       2.665
----------------------------------------------------------------------------------------------------
      418312           1     230.914      62.093      21.319      10.832       2.913
                       5    1119.075     138.781      51.971      21.533       2.670
                      10    2226.586     233.453      90.489      24.606       2.580
                     100   22300.915    1953.789     745.046      29.932       2.622
----------------------------------------------------------------------------------------------------
      455309           1     247.836      67.463      23.500      10.546       2.871
                       5    1216.839     150.769      58.547      20.784       2.575
                      10    2440.570     255.377      98.359      24.813       2.596
                     100   24326.055    2133.913     818.827      29.708       2.606
----------------------------------------------------------------------------------------------------
      494593           1     271.792      73.098      25.188      10.791       2.902
                       5    1324.638     163.173      62.435      21.216       2.613
                      10    2634.750     277.672     105.092      25.071       2.642
                     100   26299.191    2319.779     900.775      29.196       2.575
----------------------------------------------------------------------------------------------------
      534410           1     291.880      80.205      27.805      10.497       2.885
                       5    1439.594     177.824      66.687      21.587       2.667
                      10    2867.987     302.107     114.525      25.042       2.638
                     100   28530.505    2515.986     986.893      28.909       2.549
----------------------------------------------------------------------------------------------------
      575609           1     309.132      87.305      29.128      10.613       2.997
                       5    1551.928     193.244      72.624      21.369       2.661
                      10    3094.880     326.391     126.318      24.501       2.584
                     100   30853.148    2714.636    1063.736      29.005       2.552
----------------------------------------------------------------------------------------------------
      619856           1     341.847      93.961      34.721       9.845       2.706
                       5    1657.319     207.184      77.750      21.316       2.665
                      10    3312.545     350.761     135.628      24.424       2.586
                     100   33073.480    2928.627    1164.929      28.391       2.514
----------------------------------------------------------------------------------------------------
      664239           1     367.961     100.651      34.655      10.618       2.904
                       5    1773.889     223.221      85.279      20.801       2.618
                      10    3555.708     379.118     145.154      24.496       2.612
                     100   35462.099    3143.827    1247.043      28.437       2.521
----------------------------------------------------------------------------------------------------
      710747           1     382.986     108.091      39.223       9.764       2.756
                       5    1897.799     238.287      90.243      21.030       2.640
                      10    3796.595     405.284     160.329      23.680       2.528
                     100   38121.152    3372.662    1351.339      28.210       2.496
----------------------------------------------------------------------------------------------------
