Running framework using 11 cores
     |V|+|E|      Repeat         OMP         TBB          TF    speedup1    speedup2
====================================================================================================
           2           1       5.897       0.079       2.619       2.252       0.030
                       5       0.034       0.013       3.416       0.010       0.004
                      10       0.062       0.019       3.674       0.017       0.005
                     100       0.663       0.102       5.291       0.125       0.019
----------------------------------------------------------------------------------------------------
         877           1       0.880       0.448       1.510       0.583       0.297
                       5       4.120       1.782       0.679       6.065       2.623
                      10       8.223       3.775       8.906       0.923       0.424
                     100      82.314      11.158       8.454       9.736       1.320
----------------------------------------------------------------------------------------------------
        3346           1       3.169       0.672       6.170       0.514       0.109
                       5      15.601       1.908       9.143       1.706       0.209
                      10      34.940       3.523       7.864       4.443       0.448
                     100     310.139      24.829       7.311      42.420       3.396
----------------------------------------------------------------------------------------------------
        7386           1       6.868       1.320       5.241       1.310       0.252
                       5      34.316       3.344      10.837       3.167       0.309
                      10      68.358       5.938      10.695       6.392       0.555
                     100     682.402      48.065      11.962      57.048       4.018
----------------------------------------------------------------------------------------------------
       12994           1      12.112       2.885       8.844       1.370       0.326
                       5      60.487       5.271      11.089       5.454       0.475
                      10     121.084       9.228      11.025      10.983       0.837
                     100    1206.498      71.238      18.483      65.277       3.854
----------------------------------------------------------------------------------------------------
       19954           1      18.738       3.271      10.084       1.858       0.324
                       5      93.547       7.718      10.029       9.327       0.770
                      10     186.556      12.578       8.358      22.320       1.505
                     100    1873.637     108.504      23.746      78.902       4.569
----------------------------------------------------------------------------------------------------
       28847           1      26.808       5.002       8.267       3.243       0.605
                       5     134.675      10.787       9.451      14.249       1.141
                      10     270.670      19.935       5.910      45.797       3.373
                     100    2689.128     149.899      34.326      78.341       4.367
----------------------------------------------------------------------------------------------------
       38959           1      36.561       8.473       7.898       4.629       1.073
                       5     182.265      13.723       7.407      24.607       1.853
                      10     364.176      26.736       5.724      63.627       4.671
                     100    3643.002     203.535      41.775      87.205       4.872
----------------------------------------------------------------------------------------------------
       50969           1      47.457       8.086       7.172       6.617       1.127
                       5     236.330      24.245       4.594      51.448       5.278
                      10     473.611      36.063       6.970      67.946       5.174
                     100    4752.227     256.799      54.808      86.706       4.685
----------------------------------------------------------------------------------------------------
       64332           1      60.245      12.169       5.216      11.550       2.333
                       5     299.467      27.965       4.970      60.260       5.627
                      10     601.232      42.541       8.741      68.786       4.867
                     100    6001.519     326.416      69.709      86.093       4.683
----------------------------------------------------------------------------------------------------
       79429           1      74.182      14.370       3.506      21.159       4.099
                       5     369.120      30.142       6.352      58.107       4.745
                      10     739.722      53.281      10.654      69.431       5.001
                     100    7396.509     397.704      77.188      95.825       5.152
----------------------------------------------------------------------------------------------------
       96191           1      89.707      17.317       3.565      25.163       4.858
                       5     447.801      39.683       7.317      61.200       5.423
                      10     893.710      63.767      12.829      69.665       4.971
                     100    8943.371     478.469      95.143      94.000       5.029
----------------------------------------------------------------------------------------------------
      114296           1     107.550      19.202       4.198      25.619       4.574
                       5     530.999      41.882       8.846      60.030       4.735
                      10    1065.453      68.704      14.516      73.400       4.733
                     100   10653.482     567.381     108.551      98.143       5.227
----------------------------------------------------------------------------------------------------
      134222           1     125.625      22.285       5.022      25.014       4.437
                       5     624.294      49.220      10.330      60.435       4.765
                      10    1247.759      82.818      16.416      76.008       5.045
                     100   12510.781     662.728     118.186     105.857       5.608
----------------------------------------------------------------------------------------------------
      155557           1     145.786      26.345       5.970      24.419       4.413
                       5     726.306      55.717      12.015      60.452       4.637
                      10    1448.782      93.650      18.124      79.935       5.167
                     100   14501.835     765.171     148.822      97.444       5.142
----------------------------------------------------------------------------------------------------
      178563           1     168.574      28.723       7.013      24.037       4.096
                       5     833.279      61.999      13.782      60.460       4.498
                      10    1666.424     105.604      21.113      78.927       5.002
                     100   16647.193     873.267     150.006     110.977       5.822
----------------------------------------------------------------------------------------------------
      203246           1     193.563      31.682       7.990      24.226       3.965
                       5     945.972      70.140      16.275      58.123       4.310
                      10    1888.806     119.387      26.376      71.611       4.526
                     100   18880.437     991.323     166.128     113.650       5.967
----------------------------------------------------------------------------------------------------
      229950           1     216.747      35.476       9.079      23.874       3.908
                       5    1057.956      78.561      19.219      55.048       4.088
                      10    2133.937     134.251      30.169      70.733       4.450
                     100   21303.658    1119.413     192.301     110.783       5.821
----------------------------------------------------------------------------------------------------
      256527           1     240.425      40.662      10.491      22.917       3.876
                       5    1195.407      89.404      21.866      54.670       4.089
                      10    2386.307     150.634      31.636      75.431       4.762
                     100   23882.028    1254.416     230.024     103.824       5.453
----------------------------------------------------------------------------------------------------
      285584           1     270.601      44.917      12.002      22.546       3.742
                       5    1328.294      99.441      23.993      55.362       4.145
                      10    2662.383     168.050      38.027      70.014       4.419
                     100   26597.543    1400.360     262.846     101.191       5.328
----------------------------------------------------------------------------------------------------
      316364           1     295.901      49.758      13.089      22.606       3.801
                       5    1474.053     110.795      26.238      56.179       4.223
                      10    2940.188     186.208      42.282      69.538       4.404
                     100   29457.899    1551.661     304.564      96.721       5.095
----------------------------------------------------------------------------------------------------
      348808           1     325.217      54.930      14.875      21.863       3.693
                       5    1619.633     122.153      30.879      52.451       3.956
                      10    3245.844     205.510      48.025      67.587       4.279
                     100   32374.421    1711.340     345.197      93.785       4.958
----------------------------------------------------------------------------------------------------
      382450           1     362.282      60.877      16.363      22.140       3.720
                       5    1782.674     133.934      34.828      51.185       3.846
                      10    3557.043     226.285      50.148      70.931       4.512
                     100   35495.287    1875.605     393.960      90.099       4.761
----------------------------------------------------------------------------------------------------
      417892           1     395.353      66.700      18.227      21.691       3.659
                       5    1941.212     147.417      37.842      51.297       3.896
                      10    3884.830     248.019      57.082      68.057       4.345
                     100   38874.876    2056.514     427.069      91.027       4.815
----------------------------------------------------------------------------------------------------
      455311           1     430.426      73.269      19.907      21.622       3.681
                       5    2113.025     161.802      42.164      50.115       3.837
                      10    4232.392     271.842      63.180      66.989       4.303
                     100   42432.007    2247.916     502.282      84.479       4.475
----------------------------------------------------------------------------------------------------
      493377           1     468.017      79.812      20.902      22.391       3.818
                       5    2306.373     176.267      46.602      49.491       3.782
                      10    4613.114     295.959      71.647      64.387       4.131
                     100   46015.141    2440.372     536.573      85.757       4.548
----------------------------------------------------------------------------------------------------
      534693           1     502.228      86.125      23.550      21.326       3.657
                       5    2481.028     190.215      47.422      52.319       4.011
                      10    4973.904     320.619      76.666      64.877       4.182
                     100   49719.955    2644.607     569.390      87.321       4.645
----------------------------------------------------------------------------------------------------
      576231           1     542.525      96.317      25.446      21.320       3.785
                       5    2693.330     208.382      50.965      52.846       4.089
                      10    5358.905     346.767      86.794      61.743       3.995
                     100   53577.150    2847.537     625.992      85.588       4.549
----------------------------------------------------------------------------------------------------
      619750           1     583.686     103.675      27.681      21.086       3.745
                       5    2880.891     222.406      54.936      52.441       4.048
                      10    5754.819     372.412      88.528      65.005       4.207
                     100   57601.642    3078.472     695.506      82.820       4.426
----------------------------------------------------------------------------------------------------
      664451           1     625.757     111.196      31.115      20.111       3.574
                       5    3099.798     236.223      60.064      51.609       3.933
                      10    6176.391     397.317      98.433      62.747       4.036
                     100   61791.632    3306.705     732.531      84.354       4.514
----------------------------------------------------------------------------------------------------
      711784           1     666.916     117.112      30.755      21.685       3.808
                       5    3306.238     254.765      63.175      52.334       4.033
                      10    6618.377     426.817     101.098      65.465       4.222
                     100   66076.458    3533.681     783.515      84.333       4.510
----------------------------------------------------------------------------------------------------
