Running framework using 10 cores
     |V|+|E|      Repeat         OMP         TBB          TF    speedup1    speedup2
====================================================================================================
           2           1       0.062       0.128       7.211       0.009       0.018
                       5       0.032       0.021       3.916       0.008       0.005
                      10       0.072       0.030       1.377       0.052       0.021
                     100       0.643       0.093       1.174       0.548       0.080
----------------------------------------------------------------------------------------------------
         845           1       0.774       0.211       1.022       0.757       0.206
                       5       3.802       0.440       1.770       2.148       0.249
                      10       7.564       5.017       5.720       1.322       0.877
                     100      75.387      11.855       6.309      11.949       1.879
----------------------------------------------------------------------------------------------------
        3302           1       2.898       0.621       0.670       4.323       0.926
                       5      14.410       1.898       9.554       1.508       0.199
                      10      28.562       3.406       9.594       2.977       0.355
                     100     286.141      25.959       6.909      41.416       3.757
----------------------------------------------------------------------------------------------------
        7250           1       6.364       1.780      11.063       0.575       0.161
                       5      31.622       3.307       9.669       3.270       0.342
                      10      63.775       5.855      10.711       5.954       0.547
                     100     633.105      42.050      12.542      50.480       3.353
----------------------------------------------------------------------------------------------------
       12780           1      11.197       2.909       6.831       1.639       0.426
                       5      55.670       5.224       9.346       5.957       0.559
                      10     111.339       8.379      10.231      10.883       0.819
                     100    1113.171      67.951      21.240      52.408       3.199
----------------------------------------------------------------------------------------------------
       19965           1      17.423       4.508       8.778       1.985       0.514
                       5      86.423       7.527      10.434       8.283       0.721
                      10     172.274      12.062       9.172      18.783       1.315
                     100    1724.758     100.398      28.341      60.857       3.542
----------------------------------------------------------------------------------------------------
       28803           1      24.688       4.459       9.185       2.688       0.485
                       5     124.189      10.683       9.424      13.177       1.134
                      10     247.066      23.696       6.028      40.985       3.931
                     100    2476.937     145.715      37.969      65.236       3.838
----------------------------------------------------------------------------------------------------
       39181           1      33.681       6.309       8.436       3.992       0.748
                       5     168.201      13.791       7.989      21.055       1.726
                      10     336.620      28.658       6.166      54.596       4.648
                     100    3357.173     196.147      49.981      67.168       3.924
----------------------------------------------------------------------------------------------------
       51015           1      43.789       7.839       7.213       6.071       1.087
                       5     219.662      23.353       5.002      43.915       4.669
                      10     438.829      32.596       7.092      61.873       4.596
                     100    4376.081     255.252      59.549      73.487       4.286
----------------------------------------------------------------------------------------------------
       64473           1      56.128      11.865       4.990      11.249       2.378
                       5     276.700      25.801       5.373      51.498       4.802
                      10     552.956      43.526       9.808      56.377       4.438
                     100    5525.750     322.083      75.615      73.077       4.259
----------------------------------------------------------------------------------------------------
       79434           1      68.550      14.280       3.706      18.496       3.853
                       5     340.228      35.494       6.476      52.535       5.481
                      10     683.982      53.719      11.497      59.491       4.672
                     100    6826.366     388.123      90.472      75.453       4.290
----------------------------------------------------------------------------------------------------
       96086           1      83.228      19.487       3.560      23.379       5.474
                       5     411.676      35.521       8.173      50.370       4.346
                      10     826.050      58.425      13.875      59.537       4.211
                     100    8260.418     465.731     105.644      78.191       4.408
----------------------------------------------------------------------------------------------------
      114307           1      98.608      20.186       4.319      22.832       4.674
                       5     490.426      40.148       9.458      51.854       4.245
                      10     980.877      67.953      15.764      62.223       4.311
                     100    9817.138     552.137     120.663      81.360       4.576
----------------------------------------------------------------------------------------------------
      133909           1     115.174      21.890       5.070      22.717       4.318
                       5     573.165      47.143      11.118      51.555       4.240
                      10    1152.745      79.923      18.419      62.583       4.339
                     100   11506.193     643.937     138.319      83.186       4.655
----------------------------------------------------------------------------------------------------
      155253           1     135.548      25.476       6.146      22.053       4.145
                       5     665.219      53.831      13.039      51.017       4.128
                      10    1333.840      90.867      21.529      61.955       4.221
                     100   13345.968     741.586     157.395      84.793       4.712
----------------------------------------------------------------------------------------------------
      178015           1     154.655      28.163       7.084      21.830       3.975
                       5     764.120      60.834      15.140      50.471       4.018
                      10    1527.345     103.541      24.768      61.666       4.180
                     100   15305.930     850.159     178.351      85.819       4.767
----------------------------------------------------------------------------------------------------
      202878           1     175.910      31.247       8.290      21.218       3.769
                       5     868.508      68.489      17.458      49.749       3.923
                      10    1741.861     116.719      28.849      60.379       4.046
                     100   17399.522     965.676     202.130      86.081       4.777
----------------------------------------------------------------------------------------------------
      229046           1     197.724      35.112       9.512      20.787       3.691
                       5     982.419      77.690      19.600      50.123       3.964
                      10    1968.030     131.101      31.317      62.841       4.186
                     100   19633.366    1089.625     232.759      84.351       4.681
----------------------------------------------------------------------------------------------------
      256658           1     221.446      39.852      10.841      20.426       3.676
                       5    1096.358      87.215      23.197      47.263       3.760
                      10    2200.736     147.922      35.274      62.390       4.194
                     100   21996.266    1223.757     267.528      82.220       4.574
----------------------------------------------------------------------------------------------------
      285503           1     248.476      46.504      12.233      20.312       3.801
                       5    1224.109      97.538      26.224      46.679       3.719
                      10    2443.787     164.752      40.434      60.438       4.075
                     100   24450.390    1363.395     306.535      79.764       4.448
----------------------------------------------------------------------------------------------------
      316268           1     270.922      49.826      13.342      20.306       3.735
                       5    1355.624     108.111      29.277      46.304       3.693
                      10    2714.706     183.190      45.781      59.297       4.001
                     100   27149.068    1513.872     349.161      77.755       4.336
----------------------------------------------------------------------------------------------------
      348871           1     302.564      55.717      15.491      19.532       3.597
                       5    1495.392     121.717      32.780      45.620       3.713
                      10    2987.685     201.642      51.161      58.398       3.941
                     100   29869.037    1668.020     394.742      75.667       4.226
----------------------------------------------------------------------------------------------------
      382490           1     331.961      61.442      17.284      19.206       3.555
                       5    1638.895     132.100      36.234      45.230       3.646
                      10    3286.038     221.437      56.218      58.452       3.939
                     100   32787.508    1834.384     441.664      74.236       4.153
----------------------------------------------------------------------------------------------------
      418390           1     364.515      66.428      18.716      19.476       3.549
                       5    1791.289     145.185      39.511      45.336       3.675
                      10    3588.487     242.979      62.581      57.341       3.883
                     100   35842.241    2005.776     487.402      73.537       4.115
----------------------------------------------------------------------------------------------------
      454833           1     397.744      73.340      20.463      19.437       3.584
                       5    1955.577     158.455      44.035      44.410       3.598
                      10    3895.226     266.266      71.026      54.843       3.749
                     100   39079.016    2189.911     537.881      72.654       4.071
----------------------------------------------------------------------------------------------------
      493640           1     427.810      79.442      22.148      19.316       3.587
                       5    2121.626     172.451      47.432      44.729       3.636
                      10    4232.016     290.232      75.984      55.696       3.820
                     100   42425.821    2380.404     593.577      71.475       4.010
----------------------------------------------------------------------------------------------------
      534175           1     462.398      86.141      24.661      18.750       3.493
                       5    2301.314     187.710      51.314      44.848       3.658
                      10    4584.954     314.023      81.822      56.036       3.838
                     100   45868.419    2579.560     644.363      71.184       4.003
----------------------------------------------------------------------------------------------------
      575206           1     496.990      94.690      26.906      18.471       3.519
                       5    2479.546     202.215      55.247      44.881       3.660
                      10    4953.768     339.755      90.974      54.452       3.735
                     100   49422.312    2786.388     699.792      70.624       3.982
----------------------------------------------------------------------------------------------------
      619293           1     536.332     102.856      30.504      17.582       3.372
                       5    2657.279     219.661      60.139      44.186       3.653
                      10    5312.341     364.689      96.800      54.880       3.767
                     100   53141.893    3004.519     756.208      70.274       3.973
----------------------------------------------------------------------------------------------------
      664227           1     574.877     109.759      31.600      18.193       3.473
                       5    2855.893     234.863      63.264      45.142       3.712
                      10    5696.561     392.189     104.725      54.396       3.745
                     100   57026.937    3221.416     816.552      69.839       3.945
----------------------------------------------------------------------------------------------------
      711096           1     617.181     115.916      32.488      18.997       3.568
                       5    3053.567     250.262      68.151      44.806       3.672
                      10    6093.473     422.845     113.394      53.737       3.729
                     100   60950.103    3452.673     878.732      69.361       3.929
----------------------------------------------------------------------------------------------------
