Running framework using 7 cores
     |V|+|E|      Repeat         OMP         TBB          TF    speedup1    speedup2
====================================================================================================
           2           1       0.038       0.092       3.126       0.012       0.029
                       5       0.023       0.016       1.637       0.014       0.010
                      10       0.041       0.013       1.152       0.036       0.012
                     100       0.372       0.042       1.070       0.347       0.039
----------------------------------------------------------------------------------------------------
         848           1       1.419       0.194       0.449       3.157       0.433
                       5       2.994       0.483       2.510       1.193       0.193
                      10       5.329       1.733       4.654       1.145       0.372
                     100      53.326       6.767       9.372       5.690       0.722
----------------------------------------------------------------------------------------------------
        3327           1       2.037       0.530       0.478       4.264       1.110
                       5      10.293       1.731       8.082       1.274       0.214
                      10      20.275       3.189       8.906       2.276       0.358
                     100     201.138      23.759       7.968      25.242       2.982
----------------------------------------------------------------------------------------------------
        7298           1       4.525       2.006       7.182       0.630       0.279
                       5      22.248       3.053       8.929       2.491       0.342
                      10      44.454       5.415       6.192       7.179       0.874
                     100     445.488      42.016      15.234      29.243       2.758
----------------------------------------------------------------------------------------------------
       12927           1       7.886       2.214       4.491       1.756       0.493
                       5      39.013       4.890       7.789       5.009       0.628
                      10      78.394       8.741       5.453      14.376       1.603
                     100     785.364      64.789      24.648      31.863       2.629
----------------------------------------------------------------------------------------------------
       20057           1      12.192       4.636       7.431       1.641       0.624
                       5      60.606       7.199       6.529       9.283       1.103
                      10     121.214      18.445       4.888      24.800       3.774
                     100    1212.590     102.633      36.250      33.451       2.831
----------------------------------------------------------------------------------------------------
       28837           1      17.610       4.250       5.780       3.047       0.735
                       5      87.116       9.591       7.614      11.441       1.260
                      10     174.004      19.682       6.827      25.489       2.883
                     100    1739.653     140.128      48.742      35.691       2.875
----------------------------------------------------------------------------------------------------
       39057           1      23.656       5.514       7.481       3.162       0.737
                       5     117.338      14.525       6.324      18.553       2.297
                      10     235.875      25.724       7.528      31.334       3.417
                     100    2358.655     189.731      64.559      36.535       2.939
----------------------------------------------------------------------------------------------------
       50943           1      30.629       7.302       6.224       4.921       1.173
                       5     153.818      17.076       5.780      26.612       2.954
                      10     308.499      29.171       9.209      33.501       3.168
                     100    3087.392     243.566      79.910      38.636       3.048
----------------------------------------------------------------------------------------------------
       64527           1      39.279      10.871       4.568       8.599       2.380
                       5     194.840      25.482       6.580      29.613       3.873
                      10     389.701      37.605      11.092      35.133       3.390
                     100    3894.206     303.943      97.784      39.824       3.108
----------------------------------------------------------------------------------------------------
       79485           1      47.717      11.448       3.972      12.013       2.882
                       5     239.410      26.346       7.668      31.220       3.436
                      10     479.783      44.567      13.212      36.315       3.373
                     100    4798.275     372.652     115.566      41.520       3.225
----------------------------------------------------------------------------------------------------
       96356           1      58.201      17.688       3.674      15.840       4.814
                       5     289.463      31.770       9.085      31.862       3.497
                      10     581.277      54.344      16.397      35.450       3.314
                     100    5793.653     446.772     135.004      42.915       3.309
----------------------------------------------------------------------------------------------------
      114492           1      69.220      17.510       4.362      15.870       4.014
                       5     344.908      38.044      11.024      31.288       3.451
                      10     691.306      63.294      18.918      36.543       3.346
                     100    6903.153     529.428     153.493      44.974       3.449
----------------------------------------------------------------------------------------------------
      134521           1      82.215      19.860       5.351      15.365       3.712
                       5     404.320      43.947      12.960      31.199       3.391
                      10     806.145      73.468      21.445      37.592       3.426
                     100    8073.611     620.442     176.172      45.828       3.522
----------------------------------------------------------------------------------------------------
      155413           1      96.898      22.597       6.346      15.269       3.561
                       5     471.607      51.333      15.367      30.689       3.340
                      10     930.425      85.869      25.038      37.160       3.429
                     100    9372.007     713.116     200.844      46.663       3.551
----------------------------------------------------------------------------------------------------
      178191           1     104.297      25.866       7.667      13.604       3.374
                       5     540.915      57.296      18.052      29.964       3.174
                      10    1071.951      97.483      29.431      36.423       3.312
                     100   10740.402     820.578     237.910      45.145       3.449
----------------------------------------------------------------------------------------------------
      202444           1     124.885      29.192       8.782      14.221       3.324
                       5     613.137      65.586      20.870      29.379       3.143
                      10    1224.238     111.252      33.770      36.253       3.294
                     100   12281.224     934.581     273.168      44.958       3.421
----------------------------------------------------------------------------------------------------
      228960           1     141.350      32.765      10.173      13.895       3.221
                       5     696.489      74.697      24.479      28.453       3.052
                      10    1377.098     126.099      39.086      35.233       3.226
                     100   13815.490    1054.874     314.557      43.920       3.354
----------------------------------------------------------------------------------------------------
      256279           1     157.484      36.959      11.532      13.657       3.205
                       5     777.730      83.368      27.074      28.727       3.079
                      10    1543.721     141.602      45.195      34.157       3.133
                     100   15478.613    1184.003     365.816      42.313       3.237
----------------------------------------------------------------------------------------------------
      285947           1     176.134      41.721      13.183      13.361       3.165
                       5     864.135      93.379      31.371      27.546       2.977
                      10    1715.914     157.692      51.077      33.595       3.087
                     100   17224.102    1319.482     417.139      41.291       3.163
----------------------------------------------------------------------------------------------------
      316225           1     192.113      45.818      14.664      13.101       3.124
                       5     958.046     103.725      35.094      27.300       2.956
                      10    1903.257     175.308      57.213      33.266       3.064
                     100   19137.234    1470.161     477.644      40.066       3.078
----------------------------------------------------------------------------------------------------
      348250           1     216.350      51.619      16.745      12.920       3.083
                       5    1052.286     115.018      38.806      27.116       2.964
                      10    2097.621     194.718      64.879      32.331       3.001
                     100   21018.727    1619.776     535.991      39.215       3.022
----------------------------------------------------------------------------------------------------
      382813           1     234.324      56.140      18.442      12.706       3.044
                       5    1155.069     125.410      43.057      26.826       2.913
                      10    2308.176     214.648      71.573      32.249       2.999
                     100   23074.247    1780.015     598.617      38.546       2.974
----------------------------------------------------------------------------------------------------
      418403           1     257.344      61.738      20.597      12.495       2.998
                       5    1262.390     137.713      48.729      25.906       2.826
                      10    2526.781     233.336      81.142      31.140       2.876
                     100   25252.606    1952.744     661.535      38.173       2.952
----------------------------------------------------------------------------------------------------
      455776           1     281.488      68.419      22.669      12.418       3.018
                       5    1376.410     151.021      52.487      26.224       2.877
                      10    2740.329     256.574      90.881      30.153       2.823
                     100   27463.644    2137.486     731.516      37.543       2.922
----------------------------------------------------------------------------------------------------
      494320           1     303.321      74.259      24.346      12.459       3.050
                       5    1494.481     163.543      57.588      25.951       2.840
                      10    2989.735     277.401      96.407      31.012       2.877
                     100   29848.816    2323.547     804.838      37.087       2.887
----------------------------------------------------------------------------------------------------
      533892           1     325.534      81.709      27.006      12.054       3.026
                       5    1612.617     177.437      61.998      26.011       2.862
                      10    3237.313     301.458     107.378      30.149       2.807
                     100   32311.947    2519.287     883.031      36.592       2.853
----------------------------------------------------------------------------------------------------
      575132           1     351.116      86.914      29.266      11.997       2.970
                       5    1735.248     194.132      67.171      25.833       2.890
                      10    3484.247     323.356     113.042      30.823       2.860
                     100   34810.408    2718.316     956.601      36.390       2.842
----------------------------------------------------------------------------------------------------
      619981           1     383.376      94.916      32.758      11.703       2.898
                       5    1875.890     209.174      72.327      25.936       2.892
                      10    3757.998     351.503     123.442      30.443       2.848
                     100   37388.801    2929.983    1032.957      36.196       2.836
----------------------------------------------------------------------------------------------------
      664453           1     408.958     102.937      34.208      11.955       3.009
                       5    2005.734     225.078      77.094      26.017       2.920
                      10    4022.266     379.242     133.797      30.062       2.834
                     100   40222.696    3148.315    1119.489      35.930       2.812
----------------------------------------------------------------------------------------------------
      710687           1     435.754     109.045      37.397      11.652       2.916
                       5    2146.173     238.780      84.938      25.267       2.811
                      10    4295.250     403.310     142.805      30.078       2.824
                     100   43051.404    3373.371    1200.942      35.848       2.809
----------------------------------------------------------------------------------------------------
