Running framework using 8 cores
     |V|+|E|      Repeat         OMP         TBB          TF    speedup1    speedup2
====================================================================================================
           2           1       0.046       0.110       1.499       0.030       0.073
                       5       0.028       0.015       9.031       0.003       0.002
                      10       0.047       0.017       0.595       0.079       0.028
                     100       0.438       0.055       0.605       0.723       0.091
----------------------------------------------------------------------------------------------------
         878           1       0.615       0.227       0.627       0.980       0.362
                       5       3.686       2.009       6.183       0.596       0.325
                      10       6.070       1.890       2.470       2.458       0.765
                     100      59.982       8.485       9.041       6.635       0.938
----------------------------------------------------------------------------------------------------
        3295           1       2.279       0.639       0.994       2.294       0.644
                       5      11.360       2.184       4.672       2.431       0.467
                      10      22.746       4.351       7.258       3.134       0.599
                     100     225.965      21.900       6.878      32.855       3.184
----------------------------------------------------------------------------------------------------
        7257           1       5.037       2.125       6.524       0.772       0.326
                       5      24.983       3.112       9.589       2.605       0.324
                      10      50.197       5.622       8.448       5.942       0.666
                     100     502.526      39.112      11.975      41.963       3.266
----------------------------------------------------------------------------------------------------
       13111           1       8.991       2.135       4.764       1.887       0.448
                       5      44.137       8.833       6.669       6.618       1.324
                      10      88.265       8.892       8.298      10.637       1.072
                     100     879.648      65.380      19.941      44.113       3.279
----------------------------------------------------------------------------------------------------
       19928           1      13.774       3.934       9.096       1.514       0.432
                       5      68.521       7.319       8.153       8.405       0.898
                      10     137.088      12.198       6.616      20.721       1.844
                     100    1372.227      99.867      28.174      48.706       3.545
----------------------------------------------------------------------------------------------------
       28872           1      19.776       4.184       7.880       2.510       0.531
                       5      97.635      10.043       5.626      17.354       1.785
                      10     195.283      19.971       5.587      34.951       3.574
                     100    1964.211     143.179      38.031      51.648       3.765
----------------------------------------------------------------------------------------------------
       39282           1      26.664       5.611       7.708       3.459       0.728
                       5     133.643      20.370       4.026      33.198       5.060
                      10     267.330      26.538       5.998      44.570       4.424
                     100    2662.951     187.917      48.723      54.655       3.857
----------------------------------------------------------------------------------------------------
       50884           1      34.737       7.851       6.635       5.235       1.183
                       5     173.560      19.518       5.335      32.530       3.658
                      10     345.233      30.852       7.517      45.928       4.104
                     100    3475.257     244.235      62.642      55.478       3.899
----------------------------------------------------------------------------------------------------
       64641           1      44.075       9.596       4.844       9.099       1.981
                       5     219.143      24.708       5.309      41.281       4.654
                      10     440.430      37.624       9.164      48.059       4.105
                     100    4383.561     307.306      75.606      57.979       4.065
----------------------------------------------------------------------------------------------------
       79623           1      54.287      13.121       3.551      15.287       3.695
                       5     271.121      29.509       6.816      39.775       4.329
                      10     542.586      44.844      10.778      50.341       4.161
                     100    5405.564     374.310      86.932      62.181       4.306
----------------------------------------------------------------------------------------------------
       96292           1      65.822      14.366       3.401      19.351       4.223
                       5     326.871      33.270       7.625      42.866       4.363
                      10     651.008      54.502      12.873      50.572       4.234
                     100    6543.806     449.640     102.073      64.109       4.405
----------------------------------------------------------------------------------------------------
      114435           1      77.832      16.890       4.085      19.053       4.135
                       5     389.406      39.018       9.001      43.261       4.335
                      10     777.342      64.358      15.020      51.752       4.285
                     100    7783.168     532.339     117.205      66.406       4.542
----------------------------------------------------------------------------------------------------
      134218           1      92.820      20.786       4.956      18.727       4.194
                       5     453.679      44.790      10.175      44.586       4.402
                      10     907.843      74.890      16.717      54.307       4.480
                     100    9096.894     621.146     127.650      71.264       4.866
----------------------------------------------------------------------------------------------------
      155281           1     106.355      23.227       6.045      17.594       3.842
                       5     528.037      51.235      12.461      42.377       4.112
                      10    1055.239      86.359      20.019      52.711       4.314
                     100   10568.336     718.090     145.591      72.589       4.932
----------------------------------------------------------------------------------------------------
      178430           1     122.277      26.498       7.038      17.375       3.765
                       5     599.819      58.311      14.880      40.309       3.919
                      10    1211.317      98.332      23.324      51.935       4.216
                     100   12133.573     824.651     168.219      72.130       4.902
----------------------------------------------------------------------------------------------------
      203418           1     140.683      30.104       8.195      17.166       3.673
                       5     693.532      66.906      17.588      39.432       3.804
                      10    1379.219     112.060      26.993      51.095       4.151
                     100   13794.458     934.577     196.459      70.215       4.757
----------------------------------------------------------------------------------------------------
      228865           1     158.486      33.307       9.384      16.889       3.549
                       5     776.479      74.548      19.949      38.922       3.737
                      10    1554.116     126.155      31.940      48.658       3.950
                     100   15565.387    1054.294     232.233      67.025       4.540
----------------------------------------------------------------------------------------------------
      256450           1     177.084      37.693      10.736      16.494       3.511
                       5     876.479      83.528      23.116      37.916       3.613
                      10    1743.896     141.125      35.856      48.636       3.936
                     100   17397.597    1185.853     273.276      63.663       4.339
----------------------------------------------------------------------------------------------------
      285171           1     196.412      42.125      12.021      16.339       3.504
                       5     978.238      94.163      25.884      37.793       3.638
                      10    1939.389     158.964      41.641      46.574       3.818
                     100   19427.694    1319.662     320.234      60.667       4.121
----------------------------------------------------------------------------------------------------
      316267           1     218.294      47.547      13.515      16.151       3.518
                       5    1084.055     103.782      29.575      36.655       3.509
                      10    2155.013     175.414      47.251      45.608       3.712
                     100   21537.532    1463.303     368.741      58.408       3.968
----------------------------------------------------------------------------------------------------
      349338           1     240.748      51.896      15.072      15.973       3.443
                       5    1181.849     114.776      32.899      35.923       3.489
                      10    2373.596     194.620      52.886      44.881       3.680
                     100   23751.942    1618.861     420.300      56.512       3.852
----------------------------------------------------------------------------------------------------
      382432           1     261.421      57.675      16.942      15.431       3.404
                       5    1301.951     125.856      36.451      35.717       3.453
                      10    2597.324     213.962      59.787      43.443       3.579
                     100   26037.647    1779.134     475.405      54.769       3.742
----------------------------------------------------------------------------------------------------
      418111           1     286.370      63.029      18.560      15.430       3.396
                       5    1421.937     138.868      41.472      34.287       3.348
                      10    2834.733     233.663      66.822      42.422       3.497
                     100   28473.754    1944.101     527.841      53.944       3.683
----------------------------------------------------------------------------------------------------
      455456           1     316.355      69.296      20.216      15.649       3.428
                       5    1543.275     152.112      45.021      34.279       3.379
                      10    3094.062     254.691      73.347      42.184       3.472
                     100   30958.148    2121.905     582.646      53.134       3.642
----------------------------------------------------------------------------------------------------
      494875           1     341.064      76.379      22.644      15.062       3.373
                       5    1679.346     166.165      48.941      34.314       3.395
                      10    3356.406     279.424      80.639      41.623       3.465
                     100   33647.714    2307.792     646.543      52.043       3.569
----------------------------------------------------------------------------------------------------
      534097           1     367.020      81.894      24.645      14.893       3.323
                       5    1814.584     180.562      53.657      33.818       3.365
                      10    3641.466     302.286      89.482      40.695       3.378
                     100   36388.872    2504.486     707.925      51.402       3.538
----------------------------------------------------------------------------------------------------
      575731           1     392.260      87.867      26.579      14.758       3.306
                       5    1965.200     193.241      57.703      34.057       3.349
                      10    3925.528     327.991      96.032      40.877       3.415
                     100   39241.558    2703.892     770.530      50.928       3.509
----------------------------------------------------------------------------------------------------
      619725           1     424.002      96.400      29.378      14.433       3.281
                       5    2107.066     208.609      62.493      33.717       3.338
                      10    4200.096     351.212     103.032      40.765       3.409
                     100   42176.400    2912.443     837.069      50.386       3.479
----------------------------------------------------------------------------------------------------
      664615           1     454.039     104.112      30.977      14.657       3.361
                       5    2274.949     225.464      66.333      34.296       3.399
                      10    4529.347     379.372     111.628      40.575       3.399
                     100   45294.810    3120.206     905.661      50.013       3.445
----------------------------------------------------------------------------------------------------
      710014           1     484.659     109.961      32.928      14.719       3.339
                       5    2422.499     240.842      71.640      33.815       3.362
                      10    4853.004     404.358     118.502      40.953       3.412
                     100   48469.064    3358.784     972.381      49.846       3.454
----------------------------------------------------------------------------------------------------
