Running framework using 12 cores
     |V|+|E|      Repeat         OMP         TBB          TF    speedup1    speedup2
====================================================================================================
           2           1       6.273       0.089       5.121       1.225       0.017
                       5       0.040       0.013       0.645       0.063       0.021
                      10       0.068       0.016       0.640       0.106       0.024
                     100       0.645       0.049       0.526       1.225       0.093
----------------------------------------------------------------------------------------------------
         883           1       0.941       0.149       0.591       1.591       0.252
                       5       4.605       2.651       4.731       0.973       0.560
                      10       9.341       4.958       6.935       1.347       0.715
                     100      92.009       7.456      10.463       8.794       0.713
----------------------------------------------------------------------------------------------------
        3404           1       3.542       0.722       3.204       1.105       0.225
                       5      17.454       2.060       4.840       3.606       0.426
                      10      34.896       3.669       9.931       3.514       0.369
                     100     348.082      25.426       6.993      49.777       3.636
----------------------------------------------------------------------------------------------------
        7230           1       7.821       5.793       9.438       0.829       0.614
                       5      38.324       4.792       7.799       4.914       0.614
                      10      76.473       8.322       7.741       9.879       1.075
                     100     768.284      45.059      11.386      67.476       3.957
----------------------------------------------------------------------------------------------------
       12837           1      13.408       6.891       8.073       1.661       0.854
                       5      67.190       5.163       9.190       7.311       0.562
                      10     134.972       9.807      10.884      12.401       0.901
                     100    1349.577      79.487      17.863      75.552       4.450
----------------------------------------------------------------------------------------------------
       20049           1      20.881       3.825       7.976       2.618       0.480
                       5     105.017       8.074      10.210      10.286       0.791
                      10     209.129      17.827       5.762      36.294       3.094
                     100    2090.464     114.322      24.389      85.713       4.687
----------------------------------------------------------------------------------------------------
       28661           1      30.113       8.640       7.425       4.056       1.164
                       5     150.057      11.011       9.602      15.627       1.147
                      10     300.523      22.055       5.634      53.343       3.915
                     100    3011.407     155.813      31.790      94.727       4.901
----------------------------------------------------------------------------------------------------
       39156           1      40.930       6.281       8.585       4.768       0.732
                       5     204.186      20.781       4.482      45.553       4.636
                      10     406.795      33.970       5.740      70.873       5.918
                     100    4080.151     208.938      42.245      96.583       4.946
----------------------------------------------------------------------------------------------------
       51172           1      53.217       9.097       6.479       8.214       1.404
                       5     266.339      22.913       5.607      47.501       4.086
                      10     530.377      37.125       7.588      69.897       4.893
                     100    5318.980     273.203      55.258      96.257       4.944
----------------------------------------------------------------------------------------------------
       64491           1      67.191      10.769       5.333      12.599       2.019
                       5     335.847      27.686       4.941      67.966       5.603
                      10     671.019      48.064       9.161      73.246       5.246
                     100    6717.006     334.757      65.097     103.185       5.142
----------------------------------------------------------------------------------------------------
       79265           1      82.969      17.348       3.618      22.932       4.795
                       5     413.841      33.849       6.131      67.504       5.521
                      10     828.934      54.517      10.234      80.998       5.327
                     100    8284.437     411.486      77.618     106.733       5.301
----------------------------------------------------------------------------------------------------
       96070           1     100.098      20.790       3.744      26.737       5.553
                       5     500.783      37.552       7.337      68.256       5.118
                      10    1000.766      63.018      12.967      77.178       4.860
                     100   10001.913     491.070      94.225     106.149       5.212
----------------------------------------------------------------------------------------------------
      114185           1     119.247      19.984       4.200      28.391       4.758
                       5     596.310      43.129       8.523      69.963       5.060
                      10    1187.729      73.200      14.283      83.159       5.125
                     100   11903.190     579.331     102.672     115.934       5.643
----------------------------------------------------------------------------------------------------
      133814           1     140.496      24.211       5.025      27.958       4.818
                       5     695.958      49.410      10.539      66.034       4.688
                      10    1389.454      82.908      16.620      83.600       4.988
                     100   13942.522     677.135     111.192     125.391       6.090
----------------------------------------------------------------------------------------------------
      155315           1     163.626      27.535       5.945      27.525       4.632
                       5     810.835      57.267      11.847      68.443       4.834
                      10    1615.674      94.795      18.819      85.852       5.037
                     100   16163.962     780.995     132.471     122.019       5.896
----------------------------------------------------------------------------------------------------
      178142           1     186.989      29.488       6.846      27.314       4.307
                       5     926.386      63.189      14.130      65.561       4.472
                      10    1853.712     107.726      20.692      89.587       5.206
                     100   18545.977     892.515     148.047     125.271       6.029
----------------------------------------------------------------------------------------------------
      203145           1     213.262      32.922       8.225      25.928       4.003
                       5    1052.745      71.669      16.665      63.170       4.301
                      10    2107.276     122.191      24.168      87.193       5.056
                     100   21069.825    1015.195     161.323     130.606       6.293
----------------------------------------------------------------------------------------------------
      228746           1     239.422      36.394       9.089      26.342       4.004
                       5    1187.624      80.641      18.612      63.808       4.333
                      10    2376.604     137.570      27.458      86.554       5.010
                     100   23802.457    1143.943     203.853     116.763       5.612
----------------------------------------------------------------------------------------------------
      256435           1     270.898      41.522      10.892      24.871       3.812
                       5    1333.303      91.198      20.061      66.462       4.546
                      10    2662.938     154.224      32.265      82.532       4.780
                     100   26654.408    1281.077     213.525     124.830       6.000
----------------------------------------------------------------------------------------------------
      285669           1     299.847      46.345      11.639      25.762       3.982
                       5    1483.786     102.175      23.736      62.511       4.305
                      10    2964.927     171.789      35.287      84.024       4.868
                     100   29709.050    1428.476     256.233     115.945       5.575
----------------------------------------------------------------------------------------------------
      316723           1     332.052      51.262      13.309      24.949       3.852
                       5    1650.770     113.627      27.709      59.575       4.101
                      10    3287.905     190.765      41.242      79.723       4.626
                     100   32954.920    1587.467     281.670     116.998       5.636
----------------------------------------------------------------------------------------------------
      348648           1     367.926      57.427      14.498      25.378       3.961
                       5    1818.176     126.214      29.458      61.721       4.284
                      10    3629.159     210.766      45.177      80.332       4.665
                     100   36316.039    1751.401     321.068     113.110       5.455
----------------------------------------------------------------------------------------------------
      382162           1     401.889      62.612      16.309      24.642       3.839
                       5    1987.257     138.338      32.319      61.489       4.280
                      10    3979.722     232.216      52.770      75.416       4.401
                     100   39822.648    1919.962     383.345     103.882       5.008
----------------------------------------------------------------------------------------------------
      418104           1     439.709      69.185      18.388      23.913       3.762
                       5    2174.785     150.939      36.736      59.200       4.109
                      10    4359.582     255.179      57.264      76.132       4.456
                     100   43536.093    2099.417     418.723     103.974       5.014
----------------------------------------------------------------------------------------------------
      455654           1     478.915      75.093      19.703      24.307       3.811
                       5    2362.798     165.245      38.754      60.969       4.264
                      10    4738.751     276.714      63.324      74.833       4.370
                     100   47413.343    2289.408     451.014     105.126       5.076
----------------------------------------------------------------------------------------------------
      494538           1     520.550      82.530      20.739      25.101       3.980
                       5    2571.687     179.274      43.645      58.923       4.108
                      10    5142.442     304.294      66.129      77.764       4.602
                     100   51336.115    2488.207     510.360     100.588       4.875
----------------------------------------------------------------------------------------------------
      533724           1     560.183      91.046      23.292      24.051       3.909
                       5    2773.485     195.058      46.706      59.382       4.176
                      10    5562.449     328.164      72.495      76.729       4.527
                     100   55552.046    2696.286     563.768      98.537       4.783
----------------------------------------------------------------------------------------------------
      575729           1     605.119      98.093      26.094      23.190       3.759
                       5    2997.161     211.260      51.829      57.828       4.076
                      10    5993.969     354.893      77.717      77.126       4.566
                     100   60007.534    2916.188     574.036     104.536       5.080
----------------------------------------------------------------------------------------------------
      617999           1     649.153     106.846      26.815      24.208       3.985
                       5    3231.867     226.821      54.309      59.509       4.177
                      10    6445.693     384.304      85.256      75.604       4.508
                     100   64522.067    3136.319     637.048     101.283       4.923
----------------------------------------------------------------------------------------------------
      664430           1     695.502     112.532      29.603      23.494       3.801
                       5    3460.226     243.506      56.457      61.290       4.313
                      10    6933.950     408.851      93.217      74.385       4.386
                     100   69134.157    3372.700     700.622      98.675       4.814
----------------------------------------------------------------------------------------------------
      710064           1     748.651     119.975      30.800      24.307       3.895
                       5    3696.045     260.492      59.446      62.174       4.382
                      10    7403.419     437.555     100.430      73.717       4.357
                     100   74028.842    3608.220     729.082     101.537       4.949
----------------------------------------------------------------------------------------------------
