Running framework using 2 cores
     |V|+|E|      Repeat         OMP         TBB          TF    speedup1    speedup2
====================================================================================================
           2           1       0.020       0.055       0.063       0.313       0.877
                       5       0.013       0.003       0.045       0.295       0.071
                      10       0.022       0.004       0.041       0.541       0.101
                     100       0.207       0.030       0.157       1.317       0.194
----------------------------------------------------------------------------------------------------
         886           1       4.588       0.191       0.250      18.365       0.766
                       5       2.071       0.527       7.467       0.277       0.071
                      10       4.275       1.756       7.261       0.589       0.242
                     100      30.085       7.533       1.547      19.450       4.870
----------------------------------------------------------------------------------------------------
        3314           1       1.159       0.479       3.055       0.379       0.157
                       5       5.563       1.372       2.473       2.250       0.555
                      10      10.830       2.320       4.479       2.418       0.518
                     100     106.024      14.099       9.015      11.761       1.564
----------------------------------------------------------------------------------------------------
        7303           1       2.671       1.236       2.357       1.133       0.525
                       5      11.842       2.266       4.933       2.400       0.459
                      10      23.426       3.696       4.311       5.434       0.857
                     100     236.688      31.575      22.077      10.721       1.430
----------------------------------------------------------------------------------------------------
       12968           1       4.499       1.774       5.208       0.864       0.341
                       5      21.608       3.603       3.558       6.073       1.013
                      10      42.525       6.097       3.963      10.731       1.538
                     100     417.689      62.046      33.557      12.447       1.849
----------------------------------------------------------------------------------------------------
       20066           1       6.701       2.535       4.346       1.542       0.583
                       5      32.222       5.394       4.666       6.906       1.156
                      10      64.317      10.816       5.576      11.534       1.940
                     100     648.975      98.553      49.317      13.159       1.998
----------------------------------------------------------------------------------------------------
       28790           1      10.581       3.903       4.605       2.298       0.848
                       5      46.483       8.877       6.017       7.726       1.475
                      10      93.345      13.635       7.742      12.058       1.761
                     100     922.763     142.219      65.297      14.132       2.178
----------------------------------------------------------------------------------------------------
       39107           1      13.246       4.911       4.144       3.196       1.185
                       5      63.053      12.556       6.475       9.738       1.939
                      10     128.943      20.046       9.266      13.916       2.164
                     100    1275.626     192.336      89.903      14.189       2.139
----------------------------------------------------------------------------------------------------
       50948           1      17.384       7.116       2.754       6.313       2.584
                       5      84.598      16.135       7.775      10.881       2.075
                      10     169.349      27.469      11.588      14.614       2.370
                     100    1688.500     251.050     115.055      14.676       2.182
----------------------------------------------------------------------------------------------------
       64640           1      22.032       9.003       4.232       5.206       2.127
                       5     109.339      20.499       9.731      11.236       2.106
                      10     212.519      36.173      16.421      12.942       2.203
                     100    2095.245     317.386     134.767      15.547       2.355
----------------------------------------------------------------------------------------------------
       80068           1      27.225      11.249       3.639       7.481       3.091
                       5     130.830      25.739      12.634      10.355       2.037
                      10     259.518      45.292      21.548      12.044       2.102
                     100    2568.363     394.598     167.436      15.339       2.357
----------------------------------------------------------------------------------------------------
       95665           1      31.625      13.716       4.947       6.393       2.772
                       5     158.796      32.000      16.669       9.526       1.920
                      10     312.569      55.502      31.116      10.045       1.784
                     100    3107.399     479.327     204.570      15.190       2.343
----------------------------------------------------------------------------------------------------
      114299           1      37.066      16.677       6.948       5.335       2.400
                       5     185.365      38.563      19.556       9.479       1.972
                      10     371.314      66.536      36.905      10.061       1.803
                     100    3685.724     569.724     244.299      15.087       2.332
----------------------------------------------------------------------------------------------------
      133870           1      44.646      24.327       9.352       4.774       2.601
                       5     217.923      46.139      22.123       9.851       2.086
                      10     435.861      79.080      36.521      11.934       2.165
                     100    4316.128     671.487     297.014      14.532       2.261
----------------------------------------------------------------------------------------------------
      155411           1      52.148      23.058      10.007       5.211       2.304
                       5     254.052      54.385      26.261       9.674       2.071
                      10     505.976      92.796      44.710      11.317       2.076
                     100    5029.006     785.639     364.406      13.801       2.156
----------------------------------------------------------------------------------------------------
      178302           1      60.147      26.648      11.170       5.385       2.386
                       5     290.745      62.673      31.043       9.366       2.019
                      10     580.731     107.016      53.765      10.801       1.990
                     100    5731.782     906.296     452.056      12.679       2.005
----------------------------------------------------------------------------------------------------
      203257           1      66.390      30.449      12.933       5.133       2.354
                       5     329.322      72.453      37.019       8.896       1.957
                      10     657.612     124.421      64.475      10.199       1.930
                     100    6574.644    1048.004     558.733      11.767       1.876
----------------------------------------------------------------------------------------------------
      229117           1      78.809      34.429      14.852       5.306       2.318
                       5     375.791      82.067      44.382       8.467       1.849
                      10     752.604     140.935      77.485       9.713       1.819
                     100    7434.601    1200.074     679.256      10.945       1.767
----------------------------------------------------------------------------------------------------
      257174           1      84.102      39.308      17.490       4.808       2.247
                       5     416.938      93.296      51.339       8.121       1.817
                      10     830.181     160.131      91.794       9.044       1.744
                     100    8309.713    1378.108     822.084      10.108       1.676
----------------------------------------------------------------------------------------------------
      286099           1      94.109      43.431      19.499       4.826       2.227
                       5     464.777     104.636      60.060       7.739       1.742
                      10     927.932     181.404     107.135       8.661       1.693
                     100    9270.442    1550.447     966.819       9.589       1.604
----------------------------------------------------------------------------------------------------
      316503           1     104.144      48.530      22.084       4.716       2.198
                       5     517.961     117.078      68.528       7.558       1.708
                      10    1027.385     202.791     122.214       8.406       1.659
                     100   10253.937    1745.904    1120.770       9.149       1.558
----------------------------------------------------------------------------------------------------
      348889           1     114.208      53.346      24.834       4.599       2.148
                       5     570.017     130.334      85.638       6.656       1.522
                      10    1134.162     226.112     139.575       8.126       1.620
                     100   11338.189    1946.675    1285.654       8.819       1.514
----------------------------------------------------------------------------------------------------
      383373           1     124.355      59.168      27.725       4.485       2.134
                       5     625.649     143.635      86.789       7.209       1.655
                      10    1242.991     250.212     174.006       7.143       1.438
                     100   12429.681    2165.079    1474.637       8.429       1.468
----------------------------------------------------------------------------------------------------
      418534           1     138.035      64.891      30.698       4.497       2.114
                       5     679.918     159.462     126.774       5.363       1.258
                      10    1361.754     276.597     210.331       6.474       1.315
                     100   13616.946    2387.236    1657.158       8.217       1.441
----------------------------------------------------------------------------------------------------
      455572           1     148.264      70.692      33.660       4.405       2.100
                       5     745.646     173.327     106.471       7.003       1.628
                      10    1488.871     303.027     196.935       7.560       1.539
                     100   14780.258    2629.561    1830.070       8.076       1.437
----------------------------------------------------------------------------------------------------
      493690           1     164.179      76.648      40.134       4.091       1.910
                       5     811.052     189.612     117.356       6.911       1.616
                      10    1609.702     330.375     218.389       7.371       1.513
                     100   15986.462    2869.017    2029.392       7.877       1.414
----------------------------------------------------------------------------------------------------
      533743           1     175.237      83.266      40.428       4.335       2.060
                       5     876.456     206.338     129.549       6.765       1.593
                      10    1735.148     359.321     240.522       7.214       1.494
                     100   17410.948    3124.235    2233.612       7.795       1.399
----------------------------------------------------------------------------------------------------
      576416           1     190.600      89.777      47.439       4.018       1.892
                       5     945.440     222.983     140.112       6.748       1.591
                      10    1874.810     388.848     262.028       7.155       1.484
                     100   18723.584    3387.577    2457.058       7.620       1.379
----------------------------------------------------------------------------------------------------
      619350           1     200.948      98.210      46.133       4.356       2.129
                       5    1014.309     240.721     154.260       6.575       1.560
                      10    2015.526     420.462     287.509       7.010       1.462
                     100   20350.304    3661.272    2694.453       7.553       1.359
----------------------------------------------------------------------------------------------------
      664458           1     220.983     104.421      55.222       4.002       1.891
                       5    1095.784     260.415     165.932       6.604       1.569
                      10    2169.683     454.373     309.467       7.011       1.468
                     100   21609.054    3950.250    2898.747       7.455       1.363
----------------------------------------------------------------------------------------------------
      710846           1     232.591     111.810      55.077       4.223       2.030
                       5    1168.804     279.134     180.076       6.491       1.550
                      10    2316.093     488.160     333.332       6.948       1.464
                     100   23092.094    4238.701    3136.330       7.363       1.351
----------------------------------------------------------------------------------------------------
