Running framework using 3 cores
     |V|+|E|      Repeat         OMP         TBB          TF    speedup1    speedup2
====================================================================================================
           2           1       0.023       0.072       5.016       0.005       0.014
                       5       0.016       0.023       3.461       0.005       0.007
                      10       0.030       0.027       0.778       0.038       0.035
                     100       0.310       0.128       1.601       0.194       0.080
----------------------------------------------------------------------------------------------------
         851           1       0.363       0.400       2.849       0.128       0.140
                       5       1.697       0.615       0.894       1.898       0.688
                      10       3.311       0.467       0.579       5.716       0.806
                     100      32.531       6.545       2.019      16.116       3.242
----------------------------------------------------------------------------------------------------
        3261           1       1.338       0.604       5.331       0.251       0.113
                       5       6.359       1.648       0.591      10.763       2.789
                      10      12.618       2.238       5.443       2.318       0.411
                     100     126.975      17.147       8.015      15.843       2.139
----------------------------------------------------------------------------------------------------
        7295           1       2.879       1.259       3.385       0.851       0.372
                       5      13.899       2.338       4.964       2.800       0.471
                      10      27.811       3.833       6.321       4.400       0.606
                     100     280.864      33.387      18.839      14.909       1.772
----------------------------------------------------------------------------------------------------
       12866           1       4.954       1.833       2.474       2.002       0.741
                       5      24.483       4.067       6.462       3.789       0.629
                      10      48.842       6.137       4.613      10.587       1.330
                     100     492.227      62.930      31.322      15.715       2.009
----------------------------------------------------------------------------------------------------
       20152           1       7.736       3.007       6.022       1.285       0.499
                       5      38.088       5.456       5.306       7.179       1.028
                      10      76.460       9.477       5.182      14.755       1.829
                     100     768.863     100.976      47.685      16.124       2.118
----------------------------------------------------------------------------------------------------
       28705           1      11.216       3.789       4.130       2.716       0.917
                       5      54.221       7.940       4.372      12.401       1.816
                      10     109.975      14.855       7.526      14.612       1.974
                     100    1101.055     143.996      62.488      17.620       2.304
----------------------------------------------------------------------------------------------------
       39130           1      14.849       5.436       3.911       3.796       1.390
                       5      73.896      10.848       4.745      15.574       2.286
                      10     147.852      20.431       8.642      17.108       2.364
                     100    1494.248     195.099      77.225      19.349       2.526
----------------------------------------------------------------------------------------------------
       51023           1      19.209       7.066       4.906       3.915       1.440
                       5      96.993      16.458       6.679      14.522       2.464
                      10     194.328      27.962      10.513      18.485       2.660
                     100    1961.226     250.303      95.944      20.441       2.609
----------------------------------------------------------------------------------------------------
       64593           1      24.813       9.391       4.571       5.428       2.054
                       5     122.422      20.763       7.219      16.957       2.876
                      10     245.950      36.121      13.459      18.274       2.684
                     100    2456.698     315.749     118.041      20.812       2.675
----------------------------------------------------------------------------------------------------
       79767           1      30.960      11.059       3.247       9.535       3.406
                       5     152.157      26.428      10.075      15.102       2.623
                      10     303.114      45.344      16.471      18.403       2.753
                     100    3030.554     391.813     145.356      20.849       2.696
----------------------------------------------------------------------------------------------------
       96120           1      37.001      13.895       4.019       9.206       3.457
                       5     182.721      32.351      12.012      15.211       2.693
                      10     366.666      55.624      20.294      18.068       2.741
                     100    3676.614     473.933     175.075      21.000       2.707
----------------------------------------------------------------------------------------------------
      114329           1      42.487      16.498       5.452       7.793       3.026
                       5     219.275      38.618      15.171      14.454       2.546
                      10     436.506      65.893      25.136      17.366       2.621
                     100    4386.600     563.320     211.308      20.759       2.666
----------------------------------------------------------------------------------------------------
      134007           1      51.396      19.540       6.992       7.351       2.795
                       5     259.191      45.160      17.343      14.945       2.604
                      10     512.838      77.607      30.341      16.902       2.558
                     100    5103.347     659.664     249.802      20.430       2.641
----------------------------------------------------------------------------------------------------
      155314           1      60.278      22.778       8.107       7.435       2.810
                       5     301.413      53.051      21.515      14.009       2.466
                      10     597.158      90.202      36.354      16.426       2.481
                     100    5944.164     768.610     300.480      19.782       2.558
----------------------------------------------------------------------------------------------------
      178105           1      71.366      25.974      10.189       7.004       2.549
                       5     341.466      60.461      25.714      13.279       2.351
                      10     681.348     103.591      44.174      15.424       2.345
                     100    6841.872     885.995     365.550      18.717       2.424
----------------------------------------------------------------------------------------------------
      202816           1      77.611      29.559      11.739       6.611       2.518
                       5     388.972      69.243      31.147      12.488       2.223
                      10     772.891     119.541      65.656      11.772       1.821
                     100    7782.817    1012.931     441.707      17.620       2.293
----------------------------------------------------------------------------------------------------
      229332           1      88.908      33.270      12.607       7.052       2.639
                       5     440.328      77.951      38.774      11.356       2.010
                      10     870.775     135.076      61.065      14.260       2.212
                     100    8761.303    1150.278     529.102      16.559       2.174
----------------------------------------------------------------------------------------------------
      256441           1      97.210      37.662      15.838       6.138       2.378
                       5     489.867      88.097      40.968      11.957       2.150
                      10     970.466     152.265      71.804      13.515       2.121
                     100    9753.690    1294.737     626.819      15.561       2.066
----------------------------------------------------------------------------------------------------
      285432           1     109.464      41.779      16.986       6.445       2.460
                       5     549.238      98.549      47.684      11.518       2.067
                      10    1088.955     170.309      82.552      13.191       2.063
                     100   10807.170    1446.675     732.772      14.748       1.974
----------------------------------------------------------------------------------------------------
      316097           1     121.831      46.567      19.300       6.312       2.413
                       5     608.693     110.154      53.445      11.389       2.061
                      10    1210.282     189.914      96.786      12.505       1.962
                     100   12118.653    1619.296     841.271      14.405       1.925
----------------------------------------------------------------------------------------------------
      348508           1     132.404      51.625      22.248       5.951       2.320
                       5     672.143     122.175      60.901      11.037       2.006
                      10    1335.654     210.123     106.811      12.505       1.967
                     100   13332.037    1800.656     955.662      13.951       1.884
----------------------------------------------------------------------------------------------------
      381960           1     152.619      56.996      24.342       6.270       2.342
                       5     731.648     134.350      85.518       8.556       1.571
                      10    1472.576     233.014     119.916      12.280       1.943
                     100   14601.526    1980.766    1078.606      13.537       1.836
----------------------------------------------------------------------------------------------------
      418470           1     158.028      62.844      27.850       5.674       2.256
                       5     807.541     147.812      74.674      10.814       1.979
                      10    1594.891     254.728     134.259      11.879       1.897
                     100   16000.038    2173.795    1209.151      13.232       1.798
----------------------------------------------------------------------------------------------------
      455965           1     171.082      68.924      29.572       5.785       2.331
                       5     868.248     161.386      83.360      10.416       1.936
                      10    1752.403     278.347     147.327      11.895       1.889
                     100   17361.619    2375.074    1341.809      12.939       1.770
----------------------------------------------------------------------------------------------------
      494057           1     188.674      74.577      31.964       5.903       2.333
                       5     944.550     176.046      97.617       9.676       1.803
                      10    1889.890     303.326     164.819      11.466       1.840
                     100   19005.798    2594.817    1481.342      12.830       1.752
----------------------------------------------------------------------------------------------------
      534025           1     203.695      81.418      35.442       5.747       2.297
                       5    1027.848     191.387      99.789      10.300       1.918
                      10    2068.439     329.616     180.361      11.468       1.828
                     100   20511.567    2819.488    1629.123      12.591       1.731
----------------------------------------------------------------------------------------------------
      576457           1     230.795      88.063      43.230       5.339       2.037
                       5    1106.911     207.228     110.562      10.012       1.874
                      10    2176.362     356.273     223.792       9.725       1.592
                     100   22029.695    3048.458    1774.849      12.412       1.718
----------------------------------------------------------------------------------------------------
      619219           1     234.746      94.817      41.375       5.674       2.292
                       5    1173.425     222.973     117.824       9.959       1.892
                      10    2342.757     384.123     216.935      10.799       1.771
                     100   23912.826    3275.421    1931.589      12.380       1.696
----------------------------------------------------------------------------------------------------
      664997           1     258.860     102.348      46.858       5.524       2.184
                       5    1281.947     239.452     126.624      10.124       1.891
                      10    2551.984     415.805     229.981      11.097       1.808
                     100   25291.379    3537.306    2094.128      12.077       1.689
----------------------------------------------------------------------------------------------------
      711277           1     275.502     111.616      50.471       5.459       2.211
                       5    1362.691     256.813     135.774      10.036       1.891
                      10    2734.020     442.772     249.152      10.973       1.777
                     100   27153.536    3779.434    2258.725      12.022       1.673
----------------------------------------------------------------------------------------------------
