Running framework using 9 cores
     |V|+|E|      Repeat         OMP         TBB          TF    speedup1    speedup2
====================================================================================================
           2           1       5.197       0.078       1.820       2.856       0.043
                       5       2.393       2.106       7.013       0.341       0.300
                      10       0.055       0.024       2.386       0.023       0.010
                     100       0.524       0.065       3.904       0.134       0.017
----------------------------------------------------------------------------------------------------
         860           1       0.702       0.177       1.795       0.391       0.099
                       5       3.415       0.252       2.312       1.477       0.109
                      10       6.824       6.663       4.263       1.601       1.563
                     100      68.742      13.635       4.803      14.313       2.839
----------------------------------------------------------------------------------------------------
        3341           1       2.633       0.631       5.520       0.477       0.114
                       5      13.042       2.002       6.756       1.930       0.296
                      10      26.267       3.457       9.873       2.660       0.350
                     100     260.326      27.000       7.530      34.570       3.585
----------------------------------------------------------------------------------------------------
        7332           1       5.754       1.432       4.934       1.166       0.290
                       5      28.695       3.346      10.020       2.864       0.334
                      10      57.446       5.934       8.946       6.422       0.663
                     100     574.952      44.792      13.438      42.785       3.333
----------------------------------------------------------------------------------------------------
       12987           1      10.274       2.278       7.343       1.399       0.310
                       5      50.603       5.322       9.222       5.487       0.577
                      10     101.372       9.354       8.836      11.473       1.059
                     100    1015.716      71.588      21.321      47.638       3.358
----------------------------------------------------------------------------------------------------
       20001           1      15.900       6.223       6.688       2.377       0.930
                       5      78.802      10.174       5.686      13.858       1.789
                      10     157.665      19.685       5.212      30.250       3.777
                     100    1579.948     110.252      30.588      51.653       3.604
----------------------------------------------------------------------------------------------------
       28888           1      22.589       9.592       7.186       3.144       1.335
                       5     113.036      18.227       4.892      23.106       3.726
                      10     226.340      23.514       6.215      36.418       3.783
                     100    2255.759     152.479      41.958      53.762       3.634
----------------------------------------------------------------------------------------------------
       38872           1      30.601       6.379       8.404       3.641       0.759
                       5     152.655      14.237       7.811      19.544       1.823
                      10     307.036      24.550       6.545      46.914       3.751
                     100    3070.317     204.826      50.212      61.147       4.079
----------------------------------------------------------------------------------------------------
       50962           1      40.481      11.583       5.449       7.429       2.126
                       5     200.356      24.489       4.936      40.594       4.962
                      10     399.804      37.241       7.913      50.526       4.706
                     100    4000.324     257.402      62.807      63.692       4.098
----------------------------------------------------------------------------------------------------
       64509           1      50.411      10.135       5.607       8.990       1.807
                       5     252.998      27.311       5.548      45.603       4.923
                      10     504.760      42.324       9.536      52.934       4.439
                     100    5050.961     326.784      77.419      65.242       4.221
----------------------------------------------------------------------------------------------------
       79498           1      62.355      14.676       3.229      19.312       4.545
                       5     309.576      30.075       6.655      46.521       4.519
                      10     620.710      49.213      11.552      53.733       4.260
                     100    6228.891     397.792      94.793      65.710       4.196
----------------------------------------------------------------------------------------------------
       95979           1      75.644      17.914       3.579      21.134       5.005
                       5     375.808      36.826       8.107      46.354       4.542
                      10     750.975      58.271      13.868      54.150       4.202
                     100    7516.037     480.332     106.924      70.294       4.492
----------------------------------------------------------------------------------------------------
      114370           1      91.161      19.408       4.357      20.925       4.455
                       5     442.632      43.599       9.497      46.607       4.591
                      10     891.886      68.813      16.032      55.633       4.292
                     100    8913.288     567.823     121.765      73.201       4.663
----------------------------------------------------------------------------------------------------
      133967           1     106.577      22.903       5.120      20.814       4.473
                       5     521.922      47.372      11.209      46.561       4.226
                      10    1044.149      79.800      18.680      55.897       4.272
                     100   10463.365     662.341     139.791      74.850       4.738
----------------------------------------------------------------------------------------------------
      155335           1     123.028      25.241       6.117      20.113       4.126
                       5     606.949      54.879      13.204      45.968       4.156
                      10    1212.899      92.697      21.590      56.178       4.293
                     100   12122.762     764.856     160.604      75.482       4.762
----------------------------------------------------------------------------------------------------
      178010           1     142.989      28.404       7.236      19.760       3.925
                       5     693.787      61.694      14.962      46.369       4.123
                      10    1389.632     106.161      25.087      55.392       4.232
                     100   13909.725     877.319     181.428      76.668       4.836
----------------------------------------------------------------------------------------------------
      202461           1     161.873      31.763       8.393      19.287       3.785
                       5     791.155      69.974      17.836      44.358       3.923
                      10    1579.777     119.888      28.500      55.432       4.207
                     100   15821.357     995.423     208.929      75.726       4.764
----------------------------------------------------------------------------------------------------
      228823           1     182.146      35.699       9.531      19.112       3.746
                       5     887.900      79.058      20.530      43.250       3.851
                      10    1785.948     134.800      32.536      54.892       4.143
                     100   17822.318    1123.553     243.160      73.295       4.621
----------------------------------------------------------------------------------------------------
      256534           1     200.940      39.858      11.014      18.244       3.619
                       5    1001.354      89.034      23.238      43.092       3.831
                      10    1999.654     152.048      36.909      54.177       4.119
                     100   19996.271    1263.107     281.611      71.007       4.485
----------------------------------------------------------------------------------------------------
      285445           1     224.582      44.634      12.149      18.486       3.674
                       5    1112.166      99.948      26.605      41.803       3.757
                      10    2233.154     168.435      41.969      53.210       4.013
                     100   22276.318    1407.294     324.255      68.700       4.340
----------------------------------------------------------------------------------------------------
      316892           1     249.014      49.518      13.911      17.901       3.560
                       5    1238.254     111.203      29.792      41.564       3.733
                      10    2460.155     187.272      47.922      51.337       3.908
                     100   24645.857    1557.598     371.179      66.399       4.196
----------------------------------------------------------------------------------------------------
      348476           1     274.568      55.754      15.256      17.997       3.655
                       5    1358.640     122.177      32.875      41.327       3.716
                      10    2718.213     207.196      53.279      51.018       3.889
                     100   27180.747    1719.692     418.058      65.017       4.114
----------------------------------------------------------------------------------------------------
      383245           1     303.105      61.458      17.619      17.203       3.488
                       5    1494.487     134.897      37.925      39.406       3.557
                      10    2982.284     227.692      59.303      50.289       3.839
                     100   29838.673    1894.847     467.380      63.842       4.054
----------------------------------------------------------------------------------------------------
      418685           1     332.665      66.369      18.970      17.536       3.499
                       5    1632.007     147.629      41.351      39.467       3.570
                      10    3264.381     249.534      65.545      49.804       3.807
                     100   32535.959    2071.216     520.778      62.476       3.977
----------------------------------------------------------------------------------------------------
      454570           1     362.623      72.619      20.936      17.320       3.469
                       5    1774.610     161.581      44.611      39.779       3.622
                      10    3543.564     272.102      72.933      48.586       3.731
                     100   35502.474    2260.230     574.369      61.811       3.935
----------------------------------------------------------------------------------------------------
      493960           1     388.271      78.577      22.384      17.346       3.510
                       5    1927.051     175.906      48.659      39.603       3.615
                      10    3858.733     300.031      80.692      47.821       3.718
                     100   38503.627    2458.626     630.412      61.077       3.900
----------------------------------------------------------------------------------------------------
      533878           1     423.159      88.807      24.919      16.981       3.564
                       5    2093.120     191.248      52.306      40.017       3.656
                      10    4171.560     322.740      87.009      47.944       3.709
                     100   41723.501    2662.706     688.045      60.641       3.870
----------------------------------------------------------------------------------------------------
      576019           1     453.518      93.057      27.290      16.618       3.410
                       5    2251.260     205.576      57.596      39.087       3.569
                      10    4491.528     347.576      93.989      47.788       3.698
                     100   45012.159    2877.828     749.016      60.095       3.842
----------------------------------------------------------------------------------------------------
      619200           1     490.629     101.897      29.915      16.401       3.406
                       5    2415.428     221.464      62.315      38.762       3.554
                      10    4837.168     374.448     103.606      46.688       3.614
                     100   48314.950    3093.790     809.667      59.673       3.821
----------------------------------------------------------------------------------------------------
      663764           1     528.885     109.302      32.397      16.325       3.374
                       5    2597.830     239.210      66.592      39.011       3.592
                      10    5169.731     403.967     111.301      46.448       3.629
                     100   51840.493    3323.921     872.632      59.407       3.809
----------------------------------------------------------------------------------------------------
      711433           1     562.594     116.092      32.665      17.223       3.554
                       5    2778.437     254.395      70.602      39.354       3.603
                      10    5524.644     429.036     115.603      47.790       3.711
                     100   55446.591    3559.064     940.588      58.949       3.784
----------------------------------------------------------------------------------------------------
