Running framework using 4 cores
     |V|+|E|      Repeat         OMP         TBB          TF    speedup1    speedup2
====================================================================================================
           2           1       0.038       0.070       8.126       0.005       0.009
                       5       0.016       0.015       2.366       0.007       0.007
                      10       0.030       0.013       0.247       0.122       0.054
                     100       0.307       0.079       0.308       0.995       0.255
----------------------------------------------------------------------------------------------------
         861           1       0.396       0.274       0.411       0.964       0.668
                       5       1.926       0.302       0.598       3.222       0.505
                      10       3.835       0.421       2.575       1.489       0.164
                     100      37.976       8.457       6.434       5.902       1.314
----------------------------------------------------------------------------------------------------
        3327           1       1.443       0.487       0.267       5.410       1.827
                       5       8.918       4.799       3.171       2.812       1.513
                      10      14.487       3.001       3.253       4.454       0.923
                     100     143.013      20.800       8.141      17.567       2.555
----------------------------------------------------------------------------------------------------
        7203           1       5.393       1.540       2.592       2.081       0.594
                       5      15.711       7.374       2.981       5.270       2.474
                      10      31.680       7.036       7.602       4.167       0.925
                     100     317.015      33.008      16.443      19.279       2.007
----------------------------------------------------------------------------------------------------
       12859           1       5.697       1.902       2.519       2.262       0.755
                       5      27.688       4.367       4.425       6.257       0.987
                      10      55.983       7.623       8.183       6.841       0.932
                     100     556.525      61.861      28.147      19.772       2.198
----------------------------------------------------------------------------------------------------
       20045           1       9.493       3.388       3.961       2.397       0.855
                       5      43.086       7.378       5.041       8.547       1.464
                      10      86.688      11.628       7.720      11.230       1.506
                     100     867.906      98.401      40.093      21.647       2.454
----------------------------------------------------------------------------------------------------
       28918           1      12.536       4.005       2.250       5.571       1.780
                       5      62.102       9.477       8.374       7.416       1.132
                      10     123.895      19.814       7.037      17.606       2.816
                     100    1236.961     143.055      58.985      20.971       2.425
----------------------------------------------------------------------------------------------------
       39081           1      16.949       8.672       4.497       3.769       1.928
                       5      83.648      12.766       7.841      10.667       1.628
                      10     167.707      22.551       7.985      21.002       2.824
                     100    1671.919     188.962      76.038      21.988       2.485
----------------------------------------------------------------------------------------------------
       50825           1      21.894       7.366       5.612       3.902       1.313
                       5     109.548      19.209       6.034      18.155       3.183
                      10     219.859      27.179       9.907      22.192       2.743
                     100    2192.393     243.065      81.908      26.767       2.968
----------------------------------------------------------------------------------------------------
       64224           1      28.233       9.341       3.378       8.359       2.765
                       5     138.422      22.052       6.366      21.745       3.464
                      10     276.495      35.213      10.926      25.307       3.223
                     100    2758.044     304.551      96.877      28.470       3.144
----------------------------------------------------------------------------------------------------
       79440           1      35.350      11.409       3.908       9.045       2.919
                       5     170.118      26.894       8.043      21.152       3.344
                      10     341.018      44.172      14.691      23.213       3.007
                     100    3411.114     374.824     122.134      27.929       3.069
----------------------------------------------------------------------------------------------------
       96141           1      42.790      13.792       3.657      11.701       3.771
                       5     206.976      31.532      10.217      20.258       3.086
                      10     413.317      53.755      17.915      23.071       3.001
                     100    4124.142     453.134     138.232      29.835       3.278
----------------------------------------------------------------------------------------------------
      114362           1      50.913      16.438       4.529      11.243       3.630
                       5     245.296      38.423      12.174      20.149       3.156
                      10     488.772      63.558      20.735      23.572       3.065
                     100    4895.689     537.612     175.162      27.950       3.069
----------------------------------------------------------------------------------------------------
      134157           1      58.656      19.388       5.815      10.087       3.334
                       5     288.755      43.808      15.219      18.973       2.878
                      10     574.795      74.593      24.070      23.881       3.099
                     100    5744.926     630.856     204.454      28.099       3.086
----------------------------------------------------------------------------------------------------
      155622           1      67.992      22.487       7.088       9.592       3.172
                       5     333.409      50.991      17.973      18.551       2.837
                      10     664.102      86.460      29.428      22.567       2.938
                     100    6670.806     730.783     252.773      26.391       2.891
----------------------------------------------------------------------------------------------------
      178190           1      79.445      25.686       8.341       9.524       3.079
                       5     382.486      58.800      21.706      17.621       2.709
                      10     767.734      99.971      35.081      21.884       2.850
                     100    7634.194     835.187     275.747      27.686       3.029
----------------------------------------------------------------------------------------------------
      202672           1      89.947      29.298       9.792       9.186       2.992
                       5     436.073      66.332      25.394      17.172       2.612
                      10     864.996     113.160      43.289      19.982       2.614
                     100    8712.244     958.161     353.614      24.638       2.710
----------------------------------------------------------------------------------------------------
      228955           1     101.185      32.717      11.482       8.813       2.850
                       5     493.818      75.357      29.533      16.721       2.552
                      10     979.407     128.334      51.011      19.200       2.516
                     100    9782.251    1085.879     425.633      22.983       2.551
----------------------------------------------------------------------------------------------------
      256434           1     111.549      37.962      13.624       8.187       2.786
                       5     553.422      84.210      34.843      15.883       2.417
                      10    1100.795     144.913      59.518      18.495       2.435
                     100   11020.100    1220.625     486.272      22.662       2.510
----------------------------------------------------------------------------------------------------
      286070           1     128.145      41.564      15.642       8.192       2.657
                       5     613.111      94.884      39.884      15.373       2.379
                      10    1224.153     161.412      69.801      17.538       2.312
                     100   12243.784    1363.046     588.127      20.818       2.318
----------------------------------------------------------------------------------------------------
      316434           1     140.586      46.122      16.938       8.300       2.723
                       5     683.545     105.072      47.700      14.330       2.203
                      10    1356.915     179.543      77.463      17.517       2.318
                     100   13510.785    1518.576     661.865      20.413       2.294
----------------------------------------------------------------------------------------------------
      348720           1     154.090      50.834      19.163       8.041       2.653
                       5     748.212     116.466      51.803      14.443       2.248
                      10    1496.092     198.131      86.017      17.393       2.303
                     100   14987.278    1679.423     759.206      19.741       2.212
----------------------------------------------------------------------------------------------------
      383252           1     170.370      56.752      22.916       7.435       2.477
                       5     820.207     129.083      56.137      14.611       2.299
                      10    1641.811     221.324      98.039      16.746       2.257
                     100   16452.374    1849.644     837.269      19.650       2.209
----------------------------------------------------------------------------------------------------
      418016           1     183.021      61.589      23.934       7.647       2.573
                       5     904.238     140.918      61.426      14.721       2.294
                      10    1793.544     239.449     109.906      16.319       2.179
                     100   18001.983    2033.867     925.998      19.441       2.196
----------------------------------------------------------------------------------------------------
      455416           1     198.693      67.430      26.332       7.546       2.561
                       5     981.183     154.034      69.609      14.096       2.213
                      10    1970.200     262.907     117.672      16.743       2.234
                     100   19541.065    2216.986    1071.346      18.240       2.069
----------------------------------------------------------------------------------------------------
      494646           1     213.184      73.041      28.096       7.588       2.600
                       5    1070.350     167.359      75.003      14.271       2.231
                      10    2107.661     285.705     133.742      15.759       2.136
                     100   21206.893    2410.606    1158.095      18.312       2.082
----------------------------------------------------------------------------------------------------
      535118           1     237.660      79.395      32.689       7.270       2.429
                       5    1156.974     185.307      82.594      14.008       2.244
                      10    2301.960     310.550     148.333      15.519       2.094
                     100   23023.082    2618.050    1288.142      17.873       2.032
----------------------------------------------------------------------------------------------------
      575776           1     249.102      86.751      33.314       7.477       2.604
                       5    1242.848     198.869      91.921      13.521       2.163
                      10    2479.387     335.744     157.373      15.755       2.133
                     100   24688.821    2835.982    1413.542      17.466       2.006
----------------------------------------------------------------------------------------------------
      619891           1     275.295      94.355      37.380       7.365       2.524
                       5    1332.040     212.325      96.651      13.782       2.197
                      10    2648.260     362.568     176.020      15.045       2.060
                     100   26620.669    3052.252    1550.582      17.168       1.968
----------------------------------------------------------------------------------------------------
      664056           1     293.520     101.057      38.556       7.613       2.621
                       5    1415.094     229.086     104.509      13.540       2.192
                      10    2862.362     388.674     181.143      15.802       2.146
                     100   28641.796    3285.939    1641.480      17.449       2.002
----------------------------------------------------------------------------------------------------
      710781           1     312.391     108.698      45.628       6.846       2.382
                       5    1538.917     246.765     112.801      13.643       2.188
                      10    3069.003     418.119     203.750      15.063       2.052
                     100   30556.705    3511.340    1769.915      17.265       1.984
----------------------------------------------------------------------------------------------------
