Running framework using 5 cores
     |V|+|E|      Repeat         OMP         TBB          TF    speedup1    speedup2
====================================================================================================
           2           1       0.049       0.200       3.127       0.016       0.064
                       5       0.024       0.030       3.688       0.006       0.008
                      10       0.045       0.039       5.211       0.009       0.008
                     100       0.421       0.131       3.095       0.136       0.042
----------------------------------------------------------------------------------------------------
         884           1       0.442       0.450       2.349       0.188       0.192
                       5       2.165       1.327       5.378       0.403       0.247
                      10       4.284       1.560       0.479       8.951       3.259
                     100      43.139       7.177       7.892       5.466       0.909
----------------------------------------------------------------------------------------------------
        3277           1       1.615       0.479       0.318       5.079       1.506
                       5       7.996       1.629       2.625       3.046       0.621
                      10      16.067       3.114       5.905       2.721       0.527
                     100     159.788      21.048       7.239      22.073       2.908
----------------------------------------------------------------------------------------------------
        7311           1       3.591       1.219       2.414       1.487       0.505
                       5      17.714       4.935       5.820       3.044       0.848
                      10      35.853       5.554       6.264       5.724       0.887
                     100     358.903      34.668      14.801      24.249       2.342
----------------------------------------------------------------------------------------------------
       12898           1       6.355       1.911       2.557       2.486       0.748
                       5      31.837       4.556       7.096       4.486       0.642
                      10      63.398       8.718       3.843      16.497       2.269
                     100     632.281      61.238      24.851      25.443       2.464
----------------------------------------------------------------------------------------------------
       19942           1       9.720       3.112       5.861       1.658       0.531
                       5      48.578       8.486       7.414       6.552       1.145
                      10      97.211      11.038       8.485      11.457       1.301
                     100     978.628      94.707      34.845      28.085       2.718
----------------------------------------------------------------------------------------------------
       28798           1      13.935       7.327       6.305       2.210       1.162
                       5      68.841      10.683       6.761      10.182       1.580
                      10     140.269      16.474       6.779      20.693       2.430
                     100    1393.862     135.526      47.478      29.358       2.854
----------------------------------------------------------------------------------------------------
       39136           1      19.008       5.441       6.820       2.787       0.798
                       5      95.407      12.999       4.564      20.903       2.848
                      10     189.746      22.203       6.980      27.186       3.181
                     100    1906.495     183.365      65.816      28.967       2.786
----------------------------------------------------------------------------------------------------
       51091           1      24.890      10.258       5.149       4.834       1.992
                       5     123.091      16.821       6.264      19.651       2.685
                      10     247.985      28.693       8.562      28.963       3.351
                     100    2468.970     233.054      75.501      32.701       3.087
----------------------------------------------------------------------------------------------------
       64295           1      31.256       9.150       4.136       7.557       2.212
                       5     155.700      21.630       5.976      26.054       3.620
                      10     313.768      34.495      10.309      30.436       3.346
                     100    3125.052     291.589      88.635      35.257       3.290
----------------------------------------------------------------------------------------------------
       79728           1      38.940      12.681       3.630      10.726       3.493
                       5     192.674      25.792       7.105      27.117       3.630
                      10     386.181      42.957      12.277      31.457       3.499
                     100    3846.450     358.810     104.080      36.957       3.447
----------------------------------------------------------------------------------------------------
       95862           1      47.146      13.538       3.710      12.707       3.649
                       5     232.985      31.213       8.591      27.120       3.633
                      10     468.170      52.450      15.447      30.309       3.396
                     100    4656.116     433.490     124.754      37.322       3.475
----------------------------------------------------------------------------------------------------
      114090           1      55.317      16.304       4.376      12.641       3.726
                       5     275.469      38.739      10.920      25.226       3.548
                      10     554.279      61.599      18.575      29.840       3.316
                     100    5554.001     512.458     148.238      37.467       3.457
----------------------------------------------------------------------------------------------------
      133784           1      65.590      19.102       5.289      12.402       3.612
                       5     327.471      42.458      12.907      25.371       3.289
                      10     647.626      71.839      21.702      29.842       3.310
                     100    6499.536     599.734     171.993      37.790       3.487
----------------------------------------------------------------------------------------------------
      154986           1      76.016      22.639       6.604      11.511       3.428
                       5     379.324      49.484      15.560      24.379       3.180
                      10     759.754      83.338      25.461      29.840       3.273
                     100    7545.825     695.826     201.943      37.366       3.446
----------------------------------------------------------------------------------------------------
      177783           1      87.407      25.298       7.680      11.381       3.294
                       5     435.667      56.395      19.081      22.832       2.956
                      10     864.732      95.746      30.726      28.144       3.116
                     100    8648.746     798.819     240.528      35.957       3.321
----------------------------------------------------------------------------------------------------
      202988           1     100.452      28.776       9.211      10.905       3.124
                       5     489.680      64.512      22.887      21.396       2.819
                      10     981.151     108.844      35.718      27.469       3.047
                     100    9835.798     912.625     287.182      34.249       3.178
----------------------------------------------------------------------------------------------------
      229268           1     112.763      32.390      10.595      10.643       3.057
                       5     556.686      72.646      26.455      21.043       2.746
                      10    1106.475     122.959      43.585      25.386       2.821
                     100   11107.991    1027.135     342.969      32.388       2.995
----------------------------------------------------------------------------------------------------
      256470           1     127.404      36.718      12.223      10.423       3.004
                       5     626.004      81.315      30.693      20.395       2.649
                      10    1249.558     138.044      50.282      24.851       2.745
                     100   12421.738    1156.183     404.791      30.687       2.856
----------------------------------------------------------------------------------------------------
      285343           1     140.054      40.964      14.656       9.556       2.795
                       5     694.597      90.876      34.639      20.053       2.624
                      10    1384.962     154.508      56.686      24.432       2.726
                     100   13844.841    1290.868     470.923      29.399       2.741
----------------------------------------------------------------------------------------------------
      316560           1     156.205      46.394      16.227       9.626       2.859
                       5     770.297     101.240      39.678      19.414       2.552
                      10    1530.654     171.218      64.323      23.796       2.662
                     100   15374.200    1435.102     542.074      28.362       2.647
----------------------------------------------------------------------------------------------------
      348843           1     173.635      50.338      17.630       9.849       2.855
                       5     844.032     112.347      44.621      18.915       2.518
                      10    1689.106     190.959      74.486      22.677       2.564
                     100   16988.594    1588.886     617.454      27.514       2.573
----------------------------------------------------------------------------------------------------
      382332           1     191.738      55.088      19.559       9.803       2.816
                       5     930.247     123.603      48.040      19.364       2.573
                      10    1855.747     212.407      82.375      22.528       2.579
                     100   18565.822    1749.134     694.209      26.744       2.520
----------------------------------------------------------------------------------------------------
      418466           1     207.420      61.178      22.649       9.158       2.701
                       5    1010.532     136.003      54.037      18.701       2.517
                      10    2011.311     229.918      90.427      22.242       2.543
                     100   20296.522    1914.885     776.605      26.135       2.466
----------------------------------------------------------------------------------------------------
      455471           1     224.607      66.471      24.185       9.287       2.748
                       5    1112.953     147.857      58.568      19.003       2.525
                      10    2204.995     250.862     100.507      21.939       2.496
                     100   22090.266    2091.001     860.883      25.660       2.429
----------------------------------------------------------------------------------------------------
      494494           1     240.430      72.936      27.489       8.746       2.653
                       5    1192.122     162.153      65.905      18.089       2.460
                      10    2388.383     273.303     110.542      21.606       2.472
                     100   23897.381    2278.305     952.678      25.084       2.391
----------------------------------------------------------------------------------------------------
      534391           1     262.751      81.793      28.798       9.124       2.840
                       5    1294.352     176.766      71.396      18.129       2.476
                      10    2595.022     300.643     122.068      21.259       2.463
                     100   25880.666    2463.047    1042.036      24.837       2.364
----------------------------------------------------------------------------------------------------
      577174           1     284.426      85.845      31.427       9.050       2.732
                       5    1405.759     191.469      76.709      18.326       2.496
                      10    2805.432     320.770     133.626      20.995       2.401
                     100   28025.403    2672.908    1136.848      24.652       2.351
----------------------------------------------------------------------------------------------------
      620195           1     304.855      92.802      34.787       8.764       2.668
                       5    1509.590     204.923      82.062      18.396       2.497
                      10    3022.161     345.017     143.930      20.997       2.397
                     100   30114.632    2878.363    1234.245      24.399       2.332
----------------------------------------------------------------------------------------------------
      664667           1     331.930     100.428      37.701       8.804       2.664
                       5    1613.506     219.811      92.100      17.519       2.387
                      10    3216.713     370.216     155.672      20.663       2.378
                     100   32204.146    3089.854    1334.378      24.134       2.316
----------------------------------------------------------------------------------------------------
      710653           1     348.934     107.661      39.666       8.797       2.714
                       5    1736.129     235.430      94.911      18.292       2.481
                      10    3443.232     397.536     166.610      20.666       2.386
                     100   34587.316    3313.767    1442.630      23.975       2.297
----------------------------------------------------------------------------------------------------
