Running framework using 7 cores
     |V|+|E|      Repeat         OMP         TBB          TF    speedup1    speedup2
====================================================================================================
           2           1       6.027       0.076       1.462       4.121       0.052
                       5       0.025       0.017       7.367       0.003       0.002
                      10       0.057       0.034       2.915       0.020       0.012
                     100       0.491       0.106       4.914       0.100       0.022
----------------------------------------------------------------------------------------------------
         866           1       0.627       0.176       9.220       0.068       0.019
                       5       2.741       0.249       4.768       0.575       0.052
                      10       5.427       1.772       4.850       1.119       0.365
                     100      53.290       9.859       7.573       7.036       1.302
----------------------------------------------------------------------------------------------------
        3269           1       2.104       0.505      12.106       0.174       0.042
                       5      10.263       1.615      11.246       0.913       0.144
                      10      20.375       3.175       9.180       2.220       0.346
                     100     201.720      22.036       7.928      25.445       2.780
----------------------------------------------------------------------------------------------------
        7354           1       4.520       1.775      10.607       0.426       0.167
                       5      22.509       3.102       9.387       2.398       0.330
                      10      44.650       5.575       8.079       5.526       0.690
                     100     447.829      39.285      16.975      26.381       2.314
----------------------------------------------------------------------------------------------------
       12862           1       7.898       3.127       9.369       0.843       0.334
                       5      39.615       4.921       8.752       4.526       0.562
                      10      78.961       8.788       5.909      13.364       1.487
                     100     785.552      63.289      25.382      30.949       2.493
----------------------------------------------------------------------------------------------------
       20035           1      12.259       5.403       8.084       1.516       0.668
                       5      61.081       7.198       8.081       7.559       0.891
                      10     121.077      12.956       7.920      15.287       1.636
                     100    1220.134     100.296      36.141      33.760       2.775
----------------------------------------------------------------------------------------------------
       28706           1      17.410       7.895       6.784       2.566       1.164
                       5      88.115      10.377       7.691      11.457       1.349
                      10     174.804      20.844       6.557      26.658       3.179
                     100    1754.474     139.642      50.327      34.861       2.775
----------------------------------------------------------------------------------------------------
       39073           1      23.929       9.040       6.246       3.831       1.447
                       5     118.671      13.141       6.716      17.669       1.956
                      10     236.937      23.004       7.624      31.079       3.017
                     100    2373.399     189.422      65.442      36.267       2.895
----------------------------------------------------------------------------------------------------
       51038           1      31.086       9.174       5.116       6.076       1.793
                       5     155.584      18.417       6.789      22.918       2.713
                      10     311.529      29.885      10.391      29.982       2.876
                     100    3091.407     241.975      82.173      37.621       2.945
----------------------------------------------------------------------------------------------------
       64519           1      38.918      10.958       4.187       9.296       2.617
                       5     196.127      23.307       6.768      28.979       3.444
                      10     393.354      36.797      12.026      32.710       3.060
                     100    3920.637     304.442      98.299      39.885       3.097
----------------------------------------------------------------------------------------------------
       79505           1      48.963      11.443       4.192      11.679       2.729
                       5     241.085      26.093       7.803      30.896       3.344
                      10     482.445      44.605      13.470      35.817       3.312
                     100    4816.865     373.466     115.404      41.739       3.236
----------------------------------------------------------------------------------------------------
       96420           1      58.962      17.818       3.639      16.202       4.896
                       5     292.423      34.836       9.141      31.990       3.811
                      10     584.850      54.925      16.582      35.269       3.312
                     100    5835.067     450.084     146.941      39.710       3.063
----------------------------------------------------------------------------------------------------
      114464           1      69.549      16.530       4.712      14.759       3.508
                       5     344.957      37.790      11.954      28.857       3.161
                      10     690.184      65.827      18.869      36.577       3.489
                     100    6922.205     532.183     148.977      46.465       3.572
----------------------------------------------------------------------------------------------------
      134051           1      82.518      20.602       5.341      15.450       3.857
                       5     407.375      44.197      12.736      31.987       3.470
                      10     814.088      74.206      21.327      38.172       3.479
                     100    8139.052     622.140     168.606      48.272       3.690
----------------------------------------------------------------------------------------------------
      155418           1      95.417      22.750       6.513      14.649       3.493
                       5     475.013      51.226      15.131      31.394       3.386
                      10     935.491      86.171      27.401      34.140       3.145
                     100    9411.078     718.203     186.740      50.397       3.846
----------------------------------------------------------------------------------------------------
      178063           1     109.322      25.858       7.613      14.359       3.396
                       5     539.265      57.867      18.847      28.613       3.070
                      10    1079.093      98.330      30.852      34.976       3.187
                     100   10828.147     823.153     257.922      41.982       3.191
----------------------------------------------------------------------------------------------------
      202699           1     124.097      28.944       8.803      14.097       3.288
                       5     618.708      65.788      22.005      28.116       2.990
                      10    1226.257     112.040      35.506      34.537       3.156
                     100   12248.432     937.843     264.435      46.319       3.547
----------------------------------------------------------------------------------------------------
      229224           1     139.903      32.437      10.353      13.513       3.133
                       5     694.006      74.010      25.321      27.408       2.923
                      10    1388.940     126.351      43.471      31.951       2.907
                     100   13866.691    1060.012     327.615      42.326       3.236
----------------------------------------------------------------------------------------------------
      256321           1     158.573      37.255      11.553      13.726       3.225
                       5     777.171      82.874      26.976      28.810       3.072
                      10    1551.264     141.866      44.631      34.758       3.179
                     100   15528.249    1186.220     358.330      43.335       3.310
----------------------------------------------------------------------------------------------------
      285972           1     176.970      41.505      13.114      13.494       3.165
                       5     869.037      93.504      32.567      26.685       2.871
                      10    1731.277     157.425      55.602      31.137       2.831
                     100   17281.509    1323.454     412.119      41.933       3.211
----------------------------------------------------------------------------------------------------
      316960           1     196.705      46.747      14.742      13.343       3.171
                       5     962.103     103.722      36.602      26.285       2.834
                      10    1910.355     176.138      57.478      33.236       3.064
                     100   19164.183    1477.327     471.420      40.652       3.134
----------------------------------------------------------------------------------------------------
      348230           1     217.271      50.843      16.715      12.999       3.042
                       5    1060.452     114.928      39.049      27.157       2.943
                      10    2109.804     195.015      65.080      32.419       2.997
                     100   21121.885    1630.000     563.300      37.497       2.894
----------------------------------------------------------------------------------------------------
      382944           1     239.568      56.842      19.249      12.446       2.953
                       5    1156.854     126.745      43.380      26.668       2.922
                      10    2311.401     214.406      75.525      30.604       2.839
                     100   23188.652    1793.696     592.518      39.136       3.027
----------------------------------------------------------------------------------------------------
      418868           1     257.536      61.670      20.684      12.451       2.982
                       5    1270.206     137.661      47.954      26.488       2.871
                      10    2534.307     234.227      88.883      28.513       2.635
                     100   25359.990    1965.829     700.552      36.200       2.806
----------------------------------------------------------------------------------------------------
      455181           1     284.127      68.428      22.850      12.434       2.995
                       5    1384.424     151.565      53.298      25.975       2.844
                      10    2766.725     258.026      91.301      30.303       2.826
                     100   27708.186    2140.868     745.455      37.169       2.872
----------------------------------------------------------------------------------------------------
      493767           1     301.628      74.069      25.296      11.924       2.928
                       5    1499.849     164.902      58.565      25.610       2.816
                      10    3001.577     281.538      97.783      30.696       2.879
                     100   29977.902    2318.807     852.709      35.156       2.719
----------------------------------------------------------------------------------------------------
      534202           1     332.174      81.239      27.159      12.231       2.991
                       5    1617.349     180.433      65.900      24.543       2.738
                      10    3230.111     301.518     105.814      30.526       2.850
                     100   32392.467    2521.823     928.259      34.896       2.717
----------------------------------------------------------------------------------------------------
      576565           1     354.737      86.518      28.284      12.542       3.059
                       5    1747.083     193.552      71.477      24.443       2.708
                      10    3503.944     325.619     120.605      29.053       2.700
                     100   34882.841    2728.313    1063.357      32.804       2.566
----------------------------------------------------------------------------------------------------
      619544           1     384.805      93.839      33.118      11.619       2.833
                       5    1884.078     208.572      72.023      26.159       2.896
                      10    3764.219     353.466     135.240      27.834       2.614
                     100   37491.551    2944.324    1052.169      35.633       2.798
----------------------------------------------------------------------------------------------------
      664167           1     413.152     103.509      34.611      11.937       2.991
                       5    2019.315     223.728      81.458      24.790       2.747
                      10    4024.646     379.711     140.282      28.690       2.707
                     100   40301.139    3155.668    1211.830      33.256       2.604
----------------------------------------------------------------------------------------------------
      710950           1     439.107     107.488      35.961      12.211       2.989
                       5    2152.227     241.808      86.559      24.864       2.794
                      10    4321.553     407.667     156.525      27.609       2.604
                     100   43161.836    3373.823    1226.180      35.200       2.751
----------------------------------------------------------------------------------------------------
