Running framework using 13 cores
     |V|+|E|      Repeat         OMP         TBB          TF    speedup1    speedup2
====================================================================================================
           2           1       4.684       0.087      11.115       0.421       0.008
                       5       0.042       0.015       3.397       0.012       0.004
                      10       0.078       0.017       0.931       0.084       0.018
                     100       0.707       0.052       0.780       0.907       0.067
----------------------------------------------------------------------------------------------------
         855           1       1.025       0.147       0.725       1.413       0.202
                       5       6.807       1.327       5.819       1.170       0.228
                      10      10.121       2.176      12.612       0.803       0.173
                     100     100.130      14.898       7.642      13.103       1.949
----------------------------------------------------------------------------------------------------
        3313           1       3.807       0.737       4.305       0.884       0.171
                       5      21.500       1.990      12.021       1.789       0.166
                      10      37.817       3.586      12.866       2.939       0.279
                     100     376.606      25.309      10.725      35.115       2.360
----------------------------------------------------------------------------------------------------
        7323           1       8.461       1.522      13.220       0.640       0.115
                       5      41.764       3.455      12.516       3.337       0.276
                      10      83.632       6.087      12.396       6.747       0.491
                     100     833.707      42.048      17.869      46.656       2.353
----------------------------------------------------------------------------------------------------
       12971           1      14.625       2.398      11.687       1.251       0.205
                       5      73.368       6.011      10.885       6.740       0.552
                      10     146.633      10.497       7.015      20.903       1.496
                     100    1471.089      70.407      27.229      54.027       2.586
----------------------------------------------------------------------------------------------------
       20081           1      22.849       3.316       9.295       2.458       0.357
                       5     114.188       9.975       9.990      11.431       0.999
                      10     228.725      14.443       9.539      23.977       1.514
                     100    2280.908     104.836      38.111      59.850       2.751
----------------------------------------------------------------------------------------------------
       28829           1      32.883       6.967       9.774       3.364       0.713
                       5     163.862      12.904       6.452      25.397       2.000
                      10     326.610      20.866       7.367      44.335       2.832
                     100    3270.635     149.697      48.517      67.413       3.085
----------------------------------------------------------------------------------------------------
       39214           1      44.528       6.412       9.058       4.916       0.708
                       5     221.593      16.342       8.272      26.788       1.975
                      10     444.462      28.701       7.520      59.102       3.817
                     100    4438.965     200.199      61.141      72.602       3.274
----------------------------------------------------------------------------------------------------
       50950           1      58.073      12.843       7.233       8.028       1.775
                       5     288.926      23.848       6.155      46.939       3.874
                      10     579.350      32.902       9.287      62.380       3.543
                     100    5786.308     260.674      76.349      75.788       3.414
----------------------------------------------------------------------------------------------------
       64410           1      72.364      14.377       4.982      14.524       2.886
                       5     365.879      25.476       6.451      56.718       3.949
                      10     730.105      42.301      11.173      65.347       3.786
                     100    7312.160     329.500      93.429      78.264       3.527
----------------------------------------------------------------------------------------------------
       79336           1      90.723      13.246       4.675      19.406       2.833
                       5     451.310      29.611       8.067      55.945       3.671
                      10     900.036      52.097      13.593      66.215       3.833
                     100    9010.116     402.939     107.303      83.969       3.755
----------------------------------------------------------------------------------------------------
       96168           1     108.882      15.853       4.096      26.581       3.870
                       5     545.141      37.275       9.085      60.002       4.103
                      10    1087.101      59.863      15.660      69.421       3.823
                     100   10887.741     486.061     126.257      86.235       3.850
----------------------------------------------------------------------------------------------------
      114300           1     129.817      19.086       4.686      27.701       4.073
                       5     646.083      42.410      10.544      61.275       4.022
                      10    1296.107      72.059      18.190      71.255       3.961
                     100   12956.510     574.860     141.907      91.303       4.051
----------------------------------------------------------------------------------------------------
      134064           1     153.099      23.064       5.573      27.473       4.139
                       5     756.738      48.921      12.378      61.138       3.952
                      10    1520.419      83.953      20.677      73.530       4.060
                     100   15186.450     672.024     159.141      95.428       4.223
----------------------------------------------------------------------------------------------------
      155398           1     179.235      26.144       6.366      28.155       4.107
                       5     879.972      56.233      14.112      62.356       3.985
                      10    1758.257      95.025      23.334      75.352       4.072
                     100   17601.595     775.882     181.141      97.171       4.283
----------------------------------------------------------------------------------------------------
      178325           1     205.384      29.476       7.403      27.742       3.981
                       5    1011.360      63.417      16.559      61.075       3.830
                      10    2017.980     107.417      26.191      77.048       4.101
                     100   20179.218     885.589     201.680     100.056       4.391
----------------------------------------------------------------------------------------------------
      202967           1     230.801      32.859       8.352      27.636       3.934
                       5    1152.356      71.305      18.539      62.158       3.846
                      10    2290.884     121.807      29.169      78.538       4.176
                     100   22933.301    1005.481     223.905     102.424       4.491
----------------------------------------------------------------------------------------------------
      229151           1     261.580      36.500       9.609      27.222       3.798
                       5    1293.924      79.980      19.849      65.190       4.030
                      10    2590.088     136.795      33.301      77.779       4.108
                     100   25893.751    1133.643     249.137     103.934       4.550
----------------------------------------------------------------------------------------------------
      256225           1     294.362      41.315      10.865      27.093       3.803
                       5    1454.052      90.872      23.407      62.121       3.882
                      10    2907.765     152.867      36.481      79.707       4.190
                     100   29036.205    1270.513     280.137     103.650       4.535
----------------------------------------------------------------------------------------------------
      286118           1     328.784      47.343      12.378      26.562       3.825
                       5    1616.002     101.210      26.624      60.698       3.801
                      10    3231.533     170.481      41.472      77.922       4.111
                     100   32305.178    1415.997     319.531     101.102       4.431
----------------------------------------------------------------------------------------------------
      316657           1     360.111      51.911      13.810      26.077       3.759
                       5    1791.362     112.826      29.223      61.300       3.861
                      10    3587.853     189.453      46.786      76.686       4.049
                     100   35803.551    1570.342     355.969     100.581       4.411
----------------------------------------------------------------------------------------------------
      349253           1     401.862      56.893      15.117      26.584       3.764
                       5    1975.229     123.859      32.650      60.498       3.794
                      10    3951.646     211.423      51.666      76.485       4.092
                     100   39422.639    1729.991     401.925      98.084       4.304
----------------------------------------------------------------------------------------------------
      382798           1     439.562      61.504      16.525      26.600       3.722
                       5    2166.880     135.973      36.568      59.256       3.718
                      10    4328.759     230.665      57.497      75.287       4.012
                     100   43307.658    1900.975     447.776      96.717       4.245
----------------------------------------------------------------------------------------------------
      418164           1     480.334      68.506      18.393      26.114       3.724
                       5    2361.936     150.923      39.991      59.062       3.774
                      10    4733.687     251.416      62.327      75.950       4.034
                     100   47312.073    2078.690     490.649      96.428       4.237
----------------------------------------------------------------------------------------------------
      456043           1     522.935      75.801      20.571      25.420       3.685
                       5    2574.084     163.043      43.513      59.157       3.747
                      10    5149.903     274.900      69.331      74.280       3.965
                     100   51471.566    2268.785     538.651      95.556       4.212
----------------------------------------------------------------------------------------------------
      494418           1     565.058      82.495      21.971      25.718       3.755
                       5    2800.674     177.394      46.978      59.617       3.776
                      10    5599.998     299.398      75.543      74.130       3.963
                     100   55841.729    2466.315     590.121      94.628       4.179
----------------------------------------------------------------------------------------------------
      534267           1     610.378      88.925      23.497      25.977       3.785
                       5    3026.789     193.664      51.707      58.538       3.745
                      10    6049.954     326.125      83.858      72.145       3.889
                     100   60432.193    2671.750     644.493      93.767       4.146
----------------------------------------------------------------------------------------------------
      576710           1     665.286      97.365      26.720      24.899       3.644
                       5    3266.986     209.632      54.667      59.761       3.835
                      10    6515.014     352.455      89.854      72.507       3.923
                     100   65106.654    2884.077     692.717      93.987       4.163
----------------------------------------------------------------------------------------------------
      619101           1     710.306     105.694      28.120      25.259       3.759
                       5    3499.670     225.142      57.666      60.689       3.904
                      10    7001.919     377.436      94.507      74.089       3.994
                     100   70130.263    3106.394     747.600      93.807       4.155
----------------------------------------------------------------------------------------------------
      664487           1     765.026     113.095      29.953      25.541       3.776
                       5    3760.373     241.211      63.158      59.539       3.819
                      10    7507.992     404.566     102.960      72.921       3.929
                     100   75256.353    3332.377     802.855      93.736       4.151
----------------------------------------------------------------------------------------------------
      710812           1     815.040     119.923      31.631      25.767       3.791
                       5    4035.860     258.044      68.131      59.237       3.787
                      10    8038.183     434.689     107.676      74.651       4.037
                     100   80444.492    3572.138     857.311      93.833       4.167
----------------------------------------------------------------------------------------------------
