Running framework using 9 cores
     |V|+|E|      Repeat         OMP         TBB          TF    speedup1    speedup2
====================================================================================================
           2           1       4.943       0.076       1.654       2.989       0.046
                       5       0.045       0.014      10.096       0.004       0.001
                      10       0.055       0.017       9.747       0.006       0.002
                     100       0.504       0.050       0.504       1.001       0.099
----------------------------------------------------------------------------------------------------
         853           1       0.711       0.164       0.929       0.765       0.176
                       5       3.489       0.285      10.440       0.334       0.027
                      10       7.015       2.046      13.498       0.520       0.152
                     100      68.663      13.094       8.172       8.402       1.602
----------------------------------------------------------------------------------------------------
        3270           1       2.623       0.556      12.587       0.208       0.044
                       5      13.128       1.897      12.180       1.078       0.156
                      10      26.110       3.427      12.106       2.157       0.283
                     100     258.860      16.838       8.379      30.895       2.010
----------------------------------------------------------------------------------------------------
        7241           1       5.784       2.694       7.473       0.774       0.361
                       5      28.819       3.348      10.442       2.760       0.321
                      10      57.561       5.948      11.670       4.933       0.510
                     100     572.715      40.826      15.821      36.201       2.581
----------------------------------------------------------------------------------------------------
       12871           1      10.162       4.139       7.729       1.315       0.536
                       5      50.629       5.548       9.156       5.530       0.606
                      10     100.988       9.317      11.022       9.162       0.845
                     100    1007.702      66.469      24.496      41.138       2.714
----------------------------------------------------------------------------------------------------
       20072           1      15.850      10.014       7.651       2.072       1.309
                       5      78.590      14.429       6.220      12.635       2.320
                      10     157.059      12.444       7.471      21.023       1.666
                     100    1569.633     105.653      35.944      43.669       2.939
----------------------------------------------------------------------------------------------------
       28762           1      22.915       4.825       9.570       2.394       0.504
                       5     112.242      10.791       9.453      11.874       1.142
                      10     225.109      21.724       6.976      32.267       3.114
                     100    2242.851     149.794      47.433      47.284       3.158
----------------------------------------------------------------------------------------------------
       39033           1      30.751       6.185       8.445       3.641       0.732
                       5     153.060      18.069       6.254      24.473       2.889
                      10     306.234      25.240       7.536      40.634       3.349
                     100    3058.854     199.474      63.158      48.431       3.158
----------------------------------------------------------------------------------------------------
       50902           1      39.596       8.346       6.790       5.831       1.229
                       5     199.323      19.985       6.937      28.732       2.881
                      10     398.158      31.889       9.493      41.941       3.359
                     100    3986.928     256.548      79.768      49.981       3.216
----------------------------------------------------------------------------------------------------
       64438           1      50.200      13.879       4.357      11.521       3.185
                       5     251.226      23.404       6.394      39.293       3.660
                      10     501.753      40.726      11.496      43.646       3.543
                     100    5021.565     324.027      96.444      52.067       3.360
----------------------------------------------------------------------------------------------------
       79304           1      61.888      12.800       4.385      14.113       2.919
                       5     309.559      31.335       7.940      38.986       3.946
                      10     621.232      48.451      14.187      43.788       3.415
                     100    6193.335     398.493     116.310      53.248       3.426
----------------------------------------------------------------------------------------------------
       96055           1      75.042      15.349       3.819      19.652       4.020
                       5     373.840      36.049       9.296      40.214       3.878
                      10     750.442      59.261      16.174      46.398       3.664
                     100    7507.692     475.532     134.576      55.788       3.534
----------------------------------------------------------------------------------------------------
      114324           1      90.260      18.199       4.614      19.563       3.944
                       5     444.788      41.471      11.283      39.421       3.676
                      10     891.733      68.787      18.809      47.410       3.657
                     100    8895.543     561.739     150.759      59.005       3.726
----------------------------------------------------------------------------------------------------
      133884           1     105.957      22.068       5.474      19.356       4.031
                       5     522.809      47.874      12.914      40.483       3.707
                      10    1043.372      80.040      21.529      48.464       3.718
                     100   10423.290     657.515     167.322      62.295       3.930
----------------------------------------------------------------------------------------------------
      155074           1     123.169      25.347       6.422      19.180       3.947
                       5     604.248      54.412      14.932      40.467       3.644
                      10    1212.167      91.476      25.174      48.152       3.634
                     100   12101.715     759.571     193.819      62.438       3.919
----------------------------------------------------------------------------------------------------
      177836           1     142.668      28.262       7.550      18.896       3.743
                       5     695.317      61.549      17.415      39.927       3.534
                      10    1388.881     104.709      28.840      48.158       3.631
                     100   13866.967     869.671     221.605      62.575       3.924
----------------------------------------------------------------------------------------------------
      202603           1     162.253      31.471       8.622      18.818       3.650
                       5     791.571      69.714      19.715      40.150       3.536
                      10    1578.429     119.929      31.680      49.824       3.786
                     100   15782.331     988.089     255.732      61.714       3.864
----------------------------------------------------------------------------------------------------
      228790           1     181.457      35.573       9.987      18.169       3.562
                       5     895.977      78.577      23.271      38.502       3.377
                      10    1778.766     133.544      36.392      48.878       3.670
                     100   17778.429    1116.514     292.459      60.789       3.818
----------------------------------------------------------------------------------------------------
      256974           1     202.553      40.272      11.353      17.841       3.547
                       5     999.718      89.426      26.544      37.663       3.369
                      10    1989.921     149.730      42.170      47.188       3.551
                     100   19972.115    1255.855     337.519      59.173       3.721
----------------------------------------------------------------------------------------------------
      285044           1     227.103      44.470      12.736      17.832       3.492
                       5    1111.745      99.254      29.701      37.431       3.342
                      10    2218.785     167.267      48.031      46.195       3.483
                     100   22213.479    1394.861     387.357      57.346       3.601
----------------------------------------------------------------------------------------------------
      316358           1     252.190      49.667      14.475      17.422       3.431
                       5    1233.616     110.021      32.628      37.808       3.372
                      10    2453.625     186.441      53.760      45.641       3.468
                     100   24611.733    1550.715     443.833      55.453       3.494
----------------------------------------------------------------------------------------------------
      348297           1     275.251      54.013      15.585      17.661       3.466
                       5    1360.897     121.883      36.623      37.160       3.328
                      10    2717.365     205.900      60.269      45.087       3.416
                     100   27103.414    1714.358     493.943      54.872       3.471
----------------------------------------------------------------------------------------------------
      383219           1     303.308      59.959      17.818      17.022       3.365
                       5    1491.006     136.256      41.031      36.339       3.321
                      10    2974.462     226.854      67.511      44.059       3.360
                     100   29748.608    1881.474     550.054      54.083       3.421
----------------------------------------------------------------------------------------------------
      417951           1     328.293      64.873      19.627      16.727       3.305
                       5    1628.702     147.258      45.300      35.954       3.251
                      10    3257.566     247.346      73.803      44.139       3.351
                     100   32535.418    2058.971     610.886      53.259       3.370
----------------------------------------------------------------------------------------------------
      455095           1     360.964      70.652      21.195      17.030       3.333
                       5    1769.530     161.926      48.653      36.370       3.328
                      10    3536.511     270.363      81.486      43.400       3.318
                     100   35420.518    2244.093     670.441      52.832       3.347
----------------------------------------------------------------------------------------------------
      493789           1     393.780      78.143      22.905      17.192       3.412
                       5    1924.141     175.559      53.532      35.944       3.280
                      10    3837.000     292.978      89.107      43.060       3.288
                     100   38511.006    2445.287     735.851      52.335       3.323
----------------------------------------------------------------------------------------------------
      534294           1     422.758      85.948      26.005      16.257       3.305
                       5    2083.351     188.294      56.754      36.708       3.318
                      10    4152.643     322.005      97.678      42.514       3.297
                     100   41630.715    2646.714     801.456      51.944       3.302
----------------------------------------------------------------------------------------------------
      575899           1     459.872      93.311      28.001      16.424       3.332
                       5    2237.873     205.259      62.476      35.820       3.285
                      10    4485.159     348.185     107.362      41.776       3.243
                     100   44851.138    2855.161     868.253      51.657       3.288
----------------------------------------------------------------------------------------------------
      618902           1     491.775      98.059      31.496      15.614       3.113
                       5    2414.535     222.199      68.623      35.186       3.238
                      10    4820.722     373.442     113.781      42.368       3.282
                     100   48257.513    3079.526     937.887      51.453       3.283
----------------------------------------------------------------------------------------------------
      663509           1     528.179     107.330      33.588      15.725       3.195
                       5    2582.123     238.548      71.932      35.897       3.316
                      10    5183.187     399.115     124.006      41.798       3.219
                     100   51730.081    3310.037    1012.615      51.086       3.269
----------------------------------------------------------------------------------------------------
      710600           1     562.263     112.959      34.189      16.446       3.304
                       5    2783.533     254.438      76.714      36.284       3.317
                      10    5568.937     427.503     128.478      43.346       3.327
                     100   55468.596    3542.837    1088.398      50.964       3.255
----------------------------------------------------------------------------------------------------
