Running framework using 4 cores
     |V|+|E|      Repeat         OMP         TBB          TF    speedup1    speedup2
====================================================================================================
           2           1       0.028       0.120       1.146       0.024       0.105
                       5       1.158       0.015       7.123       0.163       0.002
                      10       0.031       0.017       2.441       0.013       0.007
                     100       0.317       0.078       0.371       0.855       0.211
----------------------------------------------------------------------------------------------------
         884           1       0.412       0.259       0.451       0.913       0.573
                       5       1.933       0.303       0.553       3.497       0.549
                      10       3.754       0.351       1.326       2.831       0.265
                     100      43.130      10.203       6.271       6.877       1.627
----------------------------------------------------------------------------------------------------
        3287           1       1.481       0.514       7.374       0.201       0.070
                       5       7.049       2.005       0.519      13.571       3.861
                      10      14.302       3.532       7.449       1.920       0.474
                     100     141.168      17.154       8.046      17.546       2.132
----------------------------------------------------------------------------------------------------
        7254           1       3.075       1.595       4.495       0.684       0.355
                       5      15.615       4.269       1.019      15.330       4.191
                      10      30.907       5.346       5.805       5.324       0.921
                     100     312.166      31.943      19.531      15.983       1.636
----------------------------------------------------------------------------------------------------
       12871           1       6.302       1.796       0.730       8.628       2.459
                       5      27.470       8.730       6.245       4.399       1.398
                      10      55.212       7.909       4.476      12.335       1.767
                     100     553.141      64.920      32.893      16.816       1.974
----------------------------------------------------------------------------------------------------
       20068           1       8.516       4.415       5.061       1.682       0.872
                       5      42.805       6.749       5.203       8.227       1.297
                      10      85.665      11.302       5.589      15.327       2.022
                     100     857.459      94.623      49.886      17.188       1.897
----------------------------------------------------------------------------------------------------
       28859           1      12.523       4.029       7.525       1.664       0.535
                       5      61.638      11.957       6.262       9.842       1.909
                      10     122.611      15.152       8.342      14.698       1.816
                     100    1225.420     138.704      67.393      18.183       2.058
----------------------------------------------------------------------------------------------------
       38987           1      16.949       9.572       5.459       3.105       1.753
                       5      83.119      13.821       7.609      10.924       1.816
                      10     165.827      22.602       9.465      17.520       2.388
                     100    1664.254     183.626      85.528      19.459       2.147
----------------------------------------------------------------------------------------------------
       51096           1      21.730       7.165       4.905       4.430       1.461
                       5     108.994      16.606       7.140      15.266       2.326
                      10     216.594      30.858      11.648      18.595       2.649
                     100    2164.572     234.216     104.147      20.784       2.249
----------------------------------------------------------------------------------------------------
       64582           1      27.795       9.033       4.492       6.188       2.011
                       5     138.497      21.790       8.109      17.079       2.687
                      10     274.541      34.348      14.233      19.289       2.413
                     100    2731.006     291.179     127.467      21.425       2.284
----------------------------------------------------------------------------------------------------
       79473           1      34.337      13.716       4.127       8.319       3.323
                       5     168.859      26.693       9.259      18.238       2.883
                      10     339.227      42.529      17.210      19.711       2.471
                     100    3376.190     358.169     155.323      21.737       2.306
----------------------------------------------------------------------------------------------------
       95800           1      42.105      14.649       4.242       9.926       3.453
                       5     205.103      31.901      12.071      16.991       2.643
                      10     407.642      52.406      21.553      18.914       2.431
                     100    4079.188     434.270     184.981      22.052       2.348
----------------------------------------------------------------------------------------------------
      114111           1      49.909      17.300       5.248       9.509       3.296
                       5     243.797      37.537      14.341      17.000       2.617
                      10     487.274      61.601      25.088      19.422       2.455
                     100    4846.416     515.950     220.170      22.012       2.343
----------------------------------------------------------------------------------------------------
      134467           1      59.181      18.976       6.408       9.236       2.962
                       5     289.732      42.547      17.332      16.716       2.455
                      10     572.836      72.893      30.711      18.652       2.373
                     100    5695.286     602.398     256.008      22.247       2.353
----------------------------------------------------------------------------------------------------
      155501           1      69.890      22.601       7.842       8.912       2.882
                       5     332.360      50.008      20.461      16.244       2.444
                      10     662.460      83.892      35.665      18.575       2.352
                     100    6595.698     700.409     296.613      22.237       2.361
----------------------------------------------------------------------------------------------------
      178190           1      79.141      25.139       9.289       8.520       2.706
                       5     381.454      57.474      24.439      15.608       2.352
                      10     757.342      96.507      41.698      18.163       2.314
                     100    7574.356     804.622     351.590      21.543       2.289
----------------------------------------------------------------------------------------------------
      203307           1      91.199      28.686      10.722       8.506       2.675
                       5     433.645      64.625      28.374      15.283       2.278
                      10     862.663     109.342      48.664      17.727       2.247
                     100    8611.571     915.078     412.260      20.889       2.220
----------------------------------------------------------------------------------------------------
      228988           1     100.145      32.078      12.237       8.184       2.621
                       5     488.730      72.555      32.990      14.814       2.199
                      10     974.577     123.301      57.243      17.025       2.154
                     100    9711.328    1038.023     488.493      19.880       2.125
----------------------------------------------------------------------------------------------------
      256368           1     114.023      36.479      14.291       7.979       2.553
                       5     546.879      81.586      37.664      14.520       2.166
                      10    1091.640     139.472      66.132      16.507       2.109
                     100   10922.986    1167.421     570.866      19.134       2.045
----------------------------------------------------------------------------------------------------
      285696           1     127.109      40.825      16.163       7.864       2.526
                       5     608.350      91.500      43.155      14.097       2.120
                      10    1211.830     155.239      75.417      16.068       2.058
                     100   12142.235    1306.542     657.397      18.470       1.987
----------------------------------------------------------------------------------------------------
      316459           1     139.612      45.433      18.201       7.671       2.496
                       5     674.844     102.237      51.068      13.215       2.002
                      10    1344.701     172.860      84.836      15.851       2.038
                     100   13462.888    1454.360     745.992      18.047       1.950
----------------------------------------------------------------------------------------------------
      348334           1     154.498      51.020      20.492       7.539       2.490
                       5     740.045     112.663      56.433      13.114       1.996
                      10    1478.701     191.996      96.057      15.394       1.999
                     100   14832.197    1612.680     845.283      17.547       1.908
----------------------------------------------------------------------------------------------------
      383295           1     168.589      55.302      23.177       7.274       2.386
                       5     812.229     125.389      61.061      13.302       2.053
                      10    1629.806     210.618     107.576      15.150       1.958
                     100   16254.515    1777.384     950.950      17.093       1.869
----------------------------------------------------------------------------------------------------
      418305           1     183.888      60.113      25.661       7.166       2.343
                       5     887.188     137.367      67.254      13.192       2.043
                      10    1772.729     232.731     119.137      14.880       1.953
                     100   17820.982    1949.554    1058.458      16.837       1.842
----------------------------------------------------------------------------------------------------
      455677           1     199.272      66.020      27.269       7.308       2.421
                       5     969.971     149.289      73.682      13.164       2.026
                      10    1938.660     254.434     132.303      14.653       1.923
                     100   19322.329    2128.167    1170.598      16.506       1.818
----------------------------------------------------------------------------------------------------
      493752           1     219.481      72.454      30.281       7.248       2.393
                       5    1051.307     162.691      81.645      12.877       1.993
                      10    2098.345     276.427     145.060      14.465       1.906
                     100   20966.985    2321.851    1287.483      16.285       1.803
----------------------------------------------------------------------------------------------------
      533865           1     236.009      78.986      32.873       7.179       2.403
                       5    1149.285     177.706      88.887      12.930       1.999
                      10    2268.577     300.057     160.044      14.175       1.875
                     100   22613.410    2513.350    1407.337      16.068       1.786
----------------------------------------------------------------------------------------------------
      576319           1     253.609      84.596      36.057       7.033       2.346
                       5    1231.212     190.165      96.918      12.704       1.962
                      10    2476.533     325.397     173.339      14.287       1.877
                     100   24519.651    2716.362    1536.688      15.956       1.768
----------------------------------------------------------------------------------------------------
      619817           1     271.436      92.120      38.520       7.047       2.391
                       5    1323.345     206.328     104.793      12.628       1.969
                      10    2635.253     349.359     186.668      14.117       1.872
                     100   26395.729    2933.556    1671.074      15.796       1.755
----------------------------------------------------------------------------------------------------
      664433           1     293.405      99.192      42.613       6.885       2.328
                       5    1424.510     221.281     112.585      12.653       1.965
                      10    2829.658     380.013     202.901      13.946       1.873
                     100   28304.320    3159.568    1805.461      15.677       1.750
----------------------------------------------------------------------------------------------------
      710764           1     308.935     106.123      45.091       6.851       2.354
                       5    1520.402     240.587     122.753      12.386       1.960
                      10    3016.524     404.400     219.035      13.772       1.846
                     100   30203.048    3385.842    1943.055      15.544       1.743
----------------------------------------------------------------------------------------------------
