Running framework using 5 cores
     |V|+|E|      Repeat         OMP         TBB          TF    speedup1    speedup2
====================================================================================================
           2           1       0.274       0.067       5.460       0.050       0.012
                       5       0.018       0.011       8.360       0.002       0.001
                      10       0.029       0.010       0.265       0.110       0.036
                     100       0.277       0.036       0.233       1.186       0.154
----------------------------------------------------------------------------------------------------
         884           1       0.442       0.165       0.309       1.433       0.535
                       5       2.105       0.223       0.352       5.978       0.634
                      10       6.375       1.972       0.787       8.101       2.506
                     100      42.922      12.756       5.658       7.586       2.254
----------------------------------------------------------------------------------------------------
        3321           1       1.616       0.555       8.059       0.201       0.069
                       5       7.950       2.340       2.304       3.450       1.015
                      10      16.048       3.307       8.073       1.988       0.410
                     100     161.567      19.740       8.254      19.574       2.392
----------------------------------------------------------------------------------------------------
        7295           1       3.593       3.273       7.100       0.506       0.461
                       5      17.663       3.124       7.659       2.306       0.408
                      10      35.684       5.617       6.860       5.202       0.819
                     100     355.987      37.045      18.616      19.123       1.990
----------------------------------------------------------------------------------------------------
       12880           1       6.209       2.860       4.457       1.393       0.642
                       5      31.194      10.270       6.017       5.184       1.707
                      10      63.000      13.982       5.124      12.296       2.729
                     100     627.629      67.866      30.639      20.485       2.215
----------------------------------------------------------------------------------------------------
       20065           1       9.695       3.008       9.006       1.077       0.334
                       5      48.763       7.426       4.654      10.478       1.596
                      10      96.806      15.748       6.351      15.243       2.480
                     100     972.913     102.264      42.463      22.912       2.408
----------------------------------------------------------------------------------------------------
       28650           1      14.179       7.017       7.154       1.982       0.981
                       5      69.310      14.100       5.833      11.883       2.417
                      10     138.484      19.444       7.322      18.913       2.655
                     100    1391.583     140.482      58.872      23.638       2.386
----------------------------------------------------------------------------------------------------
       39184           1      18.818       7.058       6.222       3.024       1.134
                       5      93.711      15.158       5.550      16.884       2.731
                      10     188.219      26.965       8.424      22.344       3.201
                     100    1893.846     194.310      75.474      25.093       2.575
----------------------------------------------------------------------------------------------------
       50975           1      24.108      10.935       4.576       5.268       2.389
                       5     123.099      18.997       6.194      19.875       3.067
                      10     245.599      29.204      10.371      23.682       2.816
                     100    2467.178     242.114      91.657      26.917       2.642
----------------------------------------------------------------------------------------------------
       64394           1      30.678      10.700       4.328       7.088       2.472
                       5     154.310      21.238       6.731      22.925       3.155
                      10     311.380      37.218      12.356      25.200       3.012
                     100    3113.328     304.183     107.901      28.853       2.819
----------------------------------------------------------------------------------------------------
       79351           1      37.609      11.357       3.642      10.328       3.119
                       5     189.700      27.305       8.313      22.819       3.285
                      10     383.355      47.762      14.837      25.837       3.219
                     100    3824.162     372.353     127.327      30.034       2.924
----------------------------------------------------------------------------------------------------
       95567           1      46.753      14.668       3.844      12.164       3.816
                       5     230.484      31.528      10.114      22.789       3.117
                      10     461.999      53.767      18.034      25.618       2.981
                     100    4636.556     449.854     150.122      30.885       2.997
----------------------------------------------------------------------------------------------------
      114588           1      55.976      16.526       4.885      11.459       3.383
                       5     274.972      37.405      12.404      22.168       3.015
                      10     546.903      64.274      21.206      25.790       3.031
                     100    5480.912     532.177     177.873      30.814       2.992
----------------------------------------------------------------------------------------------------
      134097           1      65.190      19.269       5.903      11.044       3.264
                       5     323.171      44.293      14.996      21.550       2.954
                      10     644.128      74.596      25.285      25.475       2.950
                     100    6456.037     624.290     207.982      31.041       3.002
----------------------------------------------------------------------------------------------------
      155298           1      74.971      22.327       7.002      10.707       3.189
                       5     373.014      50.900      17.731      21.037       2.871
                      10     743.610      86.334      29.902      24.868       2.887
                     100    7444.601     725.098     243.563      30.565       2.977
----------------------------------------------------------------------------------------------------
      178750           1      86.514      25.891       8.207      10.541       3.155
                       5     426.691      57.982      21.016      20.303       2.759
                      10     851.522      98.784      35.575      23.936       2.777
                     100    8563.208     830.779     286.279      29.912       2.902
----------------------------------------------------------------------------------------------------
      202093           1      99.283      29.080       9.854      10.075       2.951
                       5     484.475      66.011      24.995      19.383       2.641
                      10     970.224     112.681      41.009      23.659       2.748
                     100    9726.937     948.745     335.382      29.003       2.829
----------------------------------------------------------------------------------------------------
      229118           1     111.647      32.631      11.305       9.876       2.887
                       5     549.478      74.454      29.177      18.832       2.552
                      10    1096.625     127.139      47.749      22.967       2.663
                     100   10953.573    1070.422     400.520      27.348       2.673
----------------------------------------------------------------------------------------------------
      256689           1     126.066      37.135      12.711       9.918       2.921
                       5     617.433      83.710      32.731      18.864       2.557
                      10    1231.577     143.755      55.033      22.379       2.612
                     100   12302.053    1201.696     464.342      26.494       2.588
----------------------------------------------------------------------------------------------------
      285874           1     138.259      40.970      14.474       9.552       2.831
                       5     688.536      93.759      37.051      18.584       2.531
                      10    1365.469     160.025      63.381      21.544       2.525
                     100   13755.351    1345.903     536.232      25.652       2.510
----------------------------------------------------------------------------------------------------
      317018           1     154.749      46.053      16.864       9.176       2.731
                       5     763.216     106.020      42.810      17.828       2.477
                      10    1518.807     177.654      71.487      21.246       2.485
                     100   15172.725    1495.186     612.269      24.781       2.442
----------------------------------------------------------------------------------------------------
      349059           1     173.293      51.713      18.419       9.409       2.808
                       5     846.214     115.842      47.224      17.919       2.453
                      10    1674.132     197.287      80.577      20.777       2.448
                     100   16749.116    1654.663     695.138      24.095       2.380
----------------------------------------------------------------------------------------------------
      382308           1     186.900      55.835      20.267       9.222       2.755
                       5     916.175     127.400      52.003      17.618       2.450
                      10    1842.617     215.853      89.792      20.521       2.404
                     100   18341.622    1819.239     779.133      23.541       2.335
----------------------------------------------------------------------------------------------------
      417582           1     203.870      61.314      22.739       8.966       2.696
                       5    1005.352     139.202      57.462      17.496       2.423
                      10    2008.865     237.139      99.467      20.196       2.384
                     100   20055.468    1994.293     864.594      23.196       2.307
----------------------------------------------------------------------------------------------------
      455350           1     227.861      67.194      24.498       9.301       2.743
                       5    1098.227     151.864      64.144      17.121       2.368
                      10    2193.703     258.833     110.484      19.855       2.343
                     100   21866.408    2176.051     959.402      22.792       2.268
----------------------------------------------------------------------------------------------------
      493482           1     242.610      75.650      27.881       8.702       2.713
                       5    1186.723     166.351      69.812      16.999       2.383
                      10    2368.989     282.426     121.320      19.527       2.328
                     100   23781.572    2369.294    1054.879      22.544       2.246
----------------------------------------------------------------------------------------------------
      534570           1     262.257      79.485      29.687       8.834       2.677
                       5    1281.302     179.724      76.862      16.670       2.338
                      10    2557.199     306.365     132.128      19.354       2.319
                     100   25595.297    2571.078    1154.242      22.175       2.228
----------------------------------------------------------------------------------------------------
      576405           1     282.737      86.701      32.241       8.770       2.689
                       5    1387.025     194.816      82.571      16.798       2.359
                      10    2764.000     331.027     144.658      19.107       2.288
                     100   27635.888    2777.389    1252.927      22.057       2.217
----------------------------------------------------------------------------------------------------
      618918           1     300.942      94.609      34.870       8.631       2.713
                       5    1498.731     211.864      88.767      16.884       2.387
                      10    2994.824     358.030     155.853      19.216       2.297
                     100   29802.937    2990.918    1355.781      21.982       2.206
----------------------------------------------------------------------------------------------------
      663696           1     322.431     102.168      38.895       8.290       2.627
                       5    1600.244     225.717      96.305      16.616       2.344
                      10    3194.285     384.390     168.634      18.942       2.279
                     100   31815.227    3207.420    1471.598      21.620       2.180
----------------------------------------------------------------------------------------------------
      712268           1     347.695     108.816      41.780       8.322       2.605
                       5    1706.815     242.616     101.570      16.804       2.389
                      10    3398.869     412.329     180.806      18.798       2.281
                     100   34081.391    3454.784    1582.770      21.533       2.183
----------------------------------------------------------------------------------------------------
