Running framework using 10 cores
     |V|+|E|      Repeat         OMP         TBB          TF    speedup1    speedup2
====================================================================================================
           2           1       5.687       0.082       3.752       1.516       0.022
                       5       0.045       0.014       9.013       0.005       0.002
                      10       2.575       0.309       2.903       0.887       0.106
                     100       0.574       0.070       1.075       0.534       0.065
----------------------------------------------------------------------------------------------------
         876           1       0.771       0.188       1.104       0.698       0.171
                       5       3.754       0.527      10.144       0.370       0.052
                      10       7.578       1.919      12.307       0.616       0.156
                     100      74.519      11.147       9.195       8.104       1.212
----------------------------------------------------------------------------------------------------
        3294           1       2.857       0.532      12.879       0.222       0.041
                       5      14.161       1.830      12.353       1.146       0.148
                      10      28.274       3.492      12.146       2.328       0.288
                     100     281.530      18.993       8.896      31.645       2.135
----------------------------------------------------------------------------------------------------
        7360           1       6.240       1.267      12.332       0.506       0.103
                       5      31.247       3.365      11.289       2.768       0.298
                      10      62.575       5.973      11.671       5.362       0.512
                     100     623.735      41.197      15.918      39.184       2.588
----------------------------------------------------------------------------------------------------
       12897           1      11.131       5.258      10.785       1.032       0.488
                       5      54.718      12.714       7.144       7.660       1.780
                      10     109.415      14.696       6.934      15.779       2.119
                     100    1090.412      65.984      24.674      44.193       2.674
----------------------------------------------------------------------------------------------------
       20118           1      17.407       3.826      10.615       1.640       0.360
                       5      85.807       7.769      10.505       8.168       0.740
                      10     170.915      14.738       8.822      19.373       1.671
                     100    1699.371     106.673      35.948      47.273       2.967
----------------------------------------------------------------------------------------------------
       28863           1      24.359       6.782       8.981       2.712       0.755
                       5     122.820      14.222       7.563      16.240       1.880
                      10     244.383      20.150       6.487      37.674       3.106
                     100    2443.107     152.903      43.642      55.980       3.504
----------------------------------------------------------------------------------------------------
       39082           1      33.231       9.604       7.680       4.327       1.251
                       5     165.132      20.903       5.275      31.305       3.963
                      10     329.966      25.993       6.926      47.644       3.753
                     100    3308.097     200.964      56.462      58.590       3.559
----------------------------------------------------------------------------------------------------
       51087           1      43.476       9.777       7.067       6.152       1.384
                       5     216.094      18.459       6.839      31.597       2.699
                      10     433.618      35.623       8.841      49.045       4.029
                     100    4304.184     263.656      70.046      61.448       3.764
----------------------------------------------------------------------------------------------------
       64443           1      54.740      14.078       4.574      11.967       3.078
                       5     272.294      25.419       6.288      43.306       4.043
                      10     544.521      41.016      10.916      49.881       3.757
                     100    5441.547     333.624      87.493      62.194       3.813
----------------------------------------------------------------------------------------------------
       79522           1      67.462      14.300       4.142      16.289       3.453
                       5     338.086      30.273       7.654      44.171       3.955
                      10     672.254      49.970      12.690      52.977       3.938
                     100    6728.725     409.159     104.022      64.686       3.933
----------------------------------------------------------------------------------------------------
       96402           1      82.190      15.536       3.683      22.318       4.219
                       5     406.691      36.227       8.710      46.692       4.159
                      10     812.169      62.848      14.937      54.373       4.208
                     100    8104.662     490.791     119.699      67.709       4.100
----------------------------------------------------------------------------------------------------
      114006           1      97.882      19.274       4.414      22.175       4.367
                       5     483.526      41.371      10.147      47.654       4.077
                      10     965.479      72.205      17.183      56.189       4.202
                     100    9637.036     581.177     136.451      70.627       4.259
----------------------------------------------------------------------------------------------------
      133979           1     114.722      21.973       5.283      21.714       4.159
                       5     565.931      48.800      12.029      47.048       4.057
                      10    1133.467      81.629      19.870      57.044       4.108
                     100   11310.845     676.990     150.608      75.101       4.495
----------------------------------------------------------------------------------------------------
      155230           1     133.142      24.825       6.093      21.852       4.075
                       5     655.487      55.491      13.889      47.194       3.995
                      10    1310.441      94.098      22.460      58.347       4.190
                     100   13112.489     783.084     171.406      76.500       4.569
----------------------------------------------------------------------------------------------------
      178174           1     153.695      28.646       7.285      21.098       3.932
                       5     750.161      62.718      15.703      47.773       3.994
                      10    1504.247     107.151      25.429      59.154       4.214
                     100   15057.396     894.992     192.515      78.214       4.649
----------------------------------------------------------------------------------------------------
      202673           1     173.165      31.769       8.277      20.921       3.838
                       5     856.718      71.278      18.353      46.679       3.884
                      10    1710.255     122.034      29.790      57.410       4.096
                     100   17135.383    1017.505     224.945      76.176       4.523
----------------------------------------------------------------------------------------------------
      228719           1     196.050      35.585       9.612      20.397       3.702
                       5     968.013      80.214      20.998      46.101       3.820
                      10    1927.991     137.082      32.628      59.089       4.201
                     100   19340.372    1147.351     250.307      77.267       4.584
----------------------------------------------------------------------------------------------------
      256825           1     220.940      41.111      10.877      20.313       3.780
                       5    1083.393      90.250      24.149      44.863       3.737
                      10    2156.771     153.624      38.671      55.772       3.973
                     100   21614.253    1289.662     293.849      73.556       4.389
----------------------------------------------------------------------------------------------------
      285378           1     241.582      45.044      12.270      19.688       3.671
                       5    1201.050     100.985      27.333      43.941       3.695
                      10    2406.456     171.069      43.148      55.772       3.965
                     100   24084.056    1434.371     333.385      72.241       4.302
----------------------------------------------------------------------------------------------------
      316421           1     271.021      49.954      13.831      19.595       3.612
                       5    1334.357     111.770      30.712      43.447       3.639
                      10    2665.688     190.462      49.102      54.289       3.879
                     100   26686.745    1594.730     386.578      69.033       4.125
----------------------------------------------------------------------------------------------------
      349588           1     300.712      56.264      15.461      19.450       3.639
                       5    1466.447     123.784      35.203      41.657       3.516
                      10    2940.303     211.240      54.255      54.194       3.893
                     100   29401.514    1760.572     426.816      68.886       4.125
----------------------------------------------------------------------------------------------------
      382782           1     330.176      60.742      16.945      19.485       3.585
                       5    1618.504     137.011      39.003      41.497       3.513
                      10    3228.820     230.804      61.481      52.517       3.754
                     100   32246.763    1933.595     481.838      66.924       4.013
----------------------------------------------------------------------------------------------------
      417635           1     358.062      67.092      18.957      18.888       3.539
                       5    1765.821     149.650      41.452      42.599       3.610
                      10    3523.453     253.095      66.484      52.997       3.807
                     100   35240.293    2111.267     532.261      66.209       3.967
----------------------------------------------------------------------------------------------------
      455154           1     390.380      73.661      20.372      19.163       3.616
                       5    1918.580     164.083      45.768      41.920       3.585
                      10    3840.218     276.416      73.021      52.591       3.785
                     100   38375.836    2305.350     587.348      65.337       3.925
----------------------------------------------------------------------------------------------------
      494286           1     426.092      79.370      22.429      18.997       3.539
                       5    2086.007     179.424      49.622      42.038       3.616
                      10    4153.992     302.416      81.087      51.229       3.730
                     100   41648.233    2508.611     642.279      64.844       3.906
----------------------------------------------------------------------------------------------------
      535015           1     458.029      88.273      24.789      18.477       3.561
                       5    2244.783     192.428      54.004      41.567       3.563
                      10    4505.107     326.320      87.779      51.323       3.718
                     100   44956.688    2719.061     706.010      63.677       3.851
----------------------------------------------------------------------------------------------------
      576600           1     489.355      95.673      26.654      18.359       3.589
                       5    2434.627     208.904      58.135      41.879       3.593
                      10    4867.387     352.748      96.684      50.343       3.648
                     100   48503.232    2933.623     763.708      63.510       3.841
----------------------------------------------------------------------------------------------------
      618966           1     532.968     103.317      29.497      18.069       3.503
                       5    2607.874     224.411      62.171      41.947       3.610
                      10    5230.273     379.523     102.639      50.958       3.698
                     100   52222.922    3160.209     825.270      63.280       3.829
----------------------------------------------------------------------------------------------------
      663821           1     569.818     109.414      31.300      18.205       3.496
                       5    2803.583     240.393      66.928      41.890       3.592
                      10    5607.201     407.782     111.233      50.410       3.666
                     100   55934.225    3392.063     891.038      62.774       3.807
----------------------------------------------------------------------------------------------------
      711501           1     609.607     117.217      32.751      18.614       3.579
                       5    2999.165     257.924      71.824      41.757       3.591
                      10    5985.680     435.761     117.575      50.910       3.706
                     100   59966.179    3633.134     946.959      63.325       3.837
----------------------------------------------------------------------------------------------------
