Running framework using 6 cores
     |V|+|E|      Repeat         OMP         TBB          TF    speedup1    speedup2
====================================================================================================
           2           1       0.031       0.112       6.103       0.005       0.018
                       5       0.041       0.025       5.882       0.007       0.004
                      10       0.038       0.013       7.451       0.005       0.002
                     100       0.322       0.034       0.360       0.896       0.095
----------------------------------------------------------------------------------------------------
         873           1       1.154       0.151       0.439       2.629       0.343
                       5       2.386       0.230      11.292       0.211       0.020
                      10       4.767       1.596      10.647       0.448       0.150
                     100      46.898      10.917       5.357       8.755       2.038
----------------------------------------------------------------------------------------------------
        3353           1       1.815       0.590       5.401       0.336       0.109
                       5       8.835       2.229       7.651       1.155       0.291
                      10      17.840       3.240      10.404       1.715       0.311
                     100     177.892      19.908       8.491      20.952       2.345
----------------------------------------------------------------------------------------------------
        7345           1       3.961       1.305      10.731       0.369       0.122
                       5      19.704       3.145       9.595       2.054       0.328
                      10      39.048       5.727       7.373       5.296       0.777
                     100     393.352      39.599      17.401      22.605       2.276
----------------------------------------------------------------------------------------------------
       12980           1       6.896       3.022      10.348       0.666       0.292
                       5      34.608       6.964       6.971       4.965       0.999
                      10      68.914       7.796       7.259       9.493       1.074
                     100     696.042      65.861      29.820      23.342       2.209
----------------------------------------------------------------------------------------------------
       19993           1      10.572       6.984       6.460       1.637       1.081
                       5      52.811       8.921       6.365       8.297       1.402
                      10     106.663      17.311       5.700      18.712       3.037
                     100    1077.261      97.253      40.655      26.498       2.392
----------------------------------------------------------------------------------------------------
       28911           1      15.277       6.545       6.935       2.203       0.944
                       5      76.500      10.376       5.561      13.758       1.866
                      10     152.821      19.066       7.271      21.018       2.622
                     100    1529.808     141.201      55.048      27.791       2.565
----------------------------------------------------------------------------------------------------
       39010           1      20.694       8.757       6.122       3.380       1.430
                       5     103.934      14.791       7.359      14.123       2.010
                      10     208.236      20.662       8.059      25.838       2.564
                     100    2075.667     194.485      70.479      29.451       2.759
----------------------------------------------------------------------------------------------------
       50977           1      29.052       9.104       4.723       6.151       1.928
                       5     134.918      22.171       5.612      24.043       3.951
                      10     271.548      28.751      10.068      26.971       2.856
                     100    2711.981     248.529      88.043      30.803       2.823
----------------------------------------------------------------------------------------------------
       64509           1      34.430       9.618       4.530       7.601       2.123
                       5     171.093      23.063       7.139      23.967       3.231
                      10     340.822      38.608      12.062      28.256       3.201
                     100    3410.046     313.558     104.825      32.531       2.991
----------------------------------------------------------------------------------------------------
       79531           1      42.252      11.757       3.893      10.853       3.020
                       5     208.814      26.587       8.361      24.974       3.180
                      10     420.039      45.964      14.315      29.342       3.211
                     100    4198.306     383.596     123.141      34.093       3.115
----------------------------------------------------------------------------------------------------
       96036           1      51.568      15.072       3.835      13.446       3.930
                       5     255.213      33.718       9.790      26.070       3.444
                      10     507.948      55.466      17.226      29.488       3.220
                     100    5103.950     464.296     144.755      35.259       3.207
----------------------------------------------------------------------------------------------------
      114555           1      61.616      17.701       4.828      12.761       3.666
                       5     302.304      38.543      11.953      25.291       3.225
                      10     602.052      66.266      20.121      29.921       3.293
                     100    6034.528     548.732     167.609      36.004       3.274
----------------------------------------------------------------------------------------------------
      134392           1      71.571      19.886       5.532      12.937       3.594
                       5     354.173      45.599      13.873      25.529       3.287
                      10     706.470      76.871      24.161      29.240       3.182
                     100    7094.805     643.526     193.966      36.578       3.318
----------------------------------------------------------------------------------------------------
      155156           1      84.516      23.041       6.586      12.833       3.499
                       5     410.269      52.242      16.834      24.372       3.103
                      10     822.598      88.981      27.928      29.454       3.186
                     100    8223.539     744.866     226.871      36.248       3.283
----------------------------------------------------------------------------------------------------
      177824           1      97.695      26.419       7.766      12.581       3.402
                       5     471.331      59.417      20.083      23.469       2.959
                      10     937.635     102.048      33.350      28.115       3.060
                     100    9457.122     856.885     268.154      35.268       3.195
----------------------------------------------------------------------------------------------------
      202780           1     110.704      29.730       9.117      12.143       3.261
                       5     535.506      67.843      23.379      22.906       2.902
                      10    1073.287     115.567      39.146      27.418       2.952
                     100   10733.820     973.829     310.631      34.555       3.135
----------------------------------------------------------------------------------------------------
      228573           1     124.700      33.626      10.570      11.798       3.181
                       5     609.068      76.222      26.801      22.725       2.844
                      10    1211.776     129.959      45.098      26.870       2.882
                     100   12141.675    1100.271     367.532      33.036       2.994
----------------------------------------------------------------------------------------------------
      256340           1     140.258      38.415      12.618      11.116       3.045
                       5     680.867      86.977      30.787      22.116       2.825
                      10    1359.293     147.309      51.113      26.594       2.882
                     100   13580.028    1240.290     422.381      32.151       2.936
----------------------------------------------------------------------------------------------------
      285529           1     155.076      43.021      14.051      11.036       3.062
                       5     757.072      96.797      34.798      21.756       2.782
                      10    1512.453     165.169      58.768      25.736       2.811
                     100   15128.039    1385.695     494.450      30.596       2.802
----------------------------------------------------------------------------------------------------
      316745           1     171.732      47.500      15.485      11.090       3.067
                       5     839.929     107.637      39.215      21.418       2.745
                      10    1676.311     183.086      66.039      25.384       2.772
                     100   16804.778    1534.094     561.710      29.917       2.731
----------------------------------------------------------------------------------------------------
      348297           1     188.745      53.049      17.965      10.506       2.953
                       5     913.755     118.902      43.896      20.817       2.709
                      10    1857.029     200.986      74.773      24.836       2.688
                     100   18535.220    1697.811     633.795      29.245       2.679
----------------------------------------------------------------------------------------------------
      383226           1     207.376      58.398      19.717      10.518       2.962
                       5    1014.634     131.170      48.836      20.776       2.686
                      10    2031.392     222.675      82.701      24.563       2.693
                     100   20259.233    1866.074     711.200      28.486       2.624
----------------------------------------------------------------------------------------------------
      417961           1     225.541      63.914      22.128      10.193       2.888
                       5    1104.715     143.649      53.961      20.472       2.662
                      10    2210.611     243.380      91.532      24.151       2.659
                     100   22140.719    2043.191     783.487      28.259       2.608
----------------------------------------------------------------------------------------------------
      454781           1     249.756      69.726      23.996      10.408       2.906
                       5    1209.916     157.394      59.131      20.461       2.662
                      10    2431.836     265.238     102.063      23.827       2.599
                     100   24162.677    2232.124     867.037      27.868       2.574
----------------------------------------------------------------------------------------------------
      493835           1     270.799      77.650      25.499      10.620       3.045
                       5    1313.627     170.791      64.531      20.357       2.647
                      10    2615.856     289.442     111.651      23.429       2.592
                     100   26227.263    2422.285     952.389      27.538       2.543
----------------------------------------------------------------------------------------------------
      533994           1     287.847      82.042      29.274       9.833       2.803
                       5    1417.694     186.088      70.458      20.121       2.641
                      10    2811.376     314.761     121.343      23.169       2.594
                     100   28326.909    2636.099    1044.426      27.122       2.524
----------------------------------------------------------------------------------------------------
      576603           1     310.796      92.267      32.158       9.665       2.869
                       5    1520.366     200.855      75.977      20.011       2.644
                      10    3070.177     338.838     132.836      23.113       2.551
                     100   30523.089    2838.285    1133.393      26.931       2.504
----------------------------------------------------------------------------------------------------
      619369           1     334.117      98.169      34.435       9.703       2.851
                       5    1645.967     215.872      81.761      20.131       2.640
                      10    3297.382     365.481     142.720      23.104       2.561
                     100   32946.152    3057.683    1231.933      26.743       2.482
----------------------------------------------------------------------------------------------------
      664467           1     357.554     104.900      36.741       9.732       2.855
                       5    1769.016     231.331      87.708      20.169       2.638
                      10    3547.273     392.916     153.422      23.121       2.561
                     100   35238.547    3291.398    1328.084      26.533       2.478
----------------------------------------------------------------------------------------------------
      712135           1     382.115     112.730      38.060      10.040       2.962
                       5    1875.897     248.802      94.620      19.826       2.629
                      10    3770.716     420.846     165.360      22.803       2.545
                     100   37655.194    3526.238    1424.920      26.426       2.475
----------------------------------------------------------------------------------------------------
