Running framework using 1 cores
     |V|+|E|      Repeat         OMP         TBB          TF    speedup1    speedup2
====================================================================================================
           2           1       0.010       0.177       0.156       0.062       1.139
                       5       0.011       0.014       0.079       0.141       0.179
                      10       0.021       0.019       0.080       0.257       0.239
                     100       0.191       0.114       0.106       1.802       1.079
----------------------------------------------------------------------------------------------------
         851           1       0.384       0.372       0.231       1.663       1.608
                       5       1.252       0.478       0.278       4.503       1.719
                      10       1.481       0.492       0.296       5.001       1.662
                     100       9.823       2.499       1.467       6.698       1.704
----------------------------------------------------------------------------------------------------
        3213           1       0.430       0.408       0.202       2.132       2.022
                       5       1.999       0.778       0.429       4.657       1.813
                      10       4.013       1.231       0.715       5.616       1.722
                     100      38.687       9.528       5.940       6.513       1.604
----------------------------------------------------------------------------------------------------
        7191           1       1.089       0.835       0.339       3.215       2.466
                       5       5.097       1.697       0.905       5.635       1.876
                      10      10.404       2.737       1.605       6.483       1.705
                     100      99.635      21.324      14.298       6.969       1.491
----------------------------------------------------------------------------------------------------
       12849           1       1.941       1.482       0.634       3.062       2.338
                       5       9.401       3.052       1.846       5.093       1.653
                      10      18.677       4.998       3.377       5.530       1.480
                     100     187.412      40.789      30.812       6.082       1.324
----------------------------------------------------------------------------------------------------
       20067           1       3.195       2.338       1.014       3.150       2.305
                       5      15.553       4.797       3.153       4.933       1.521
                      10      30.622       8.021       6.083       5.034       1.319
                     100     310.252      65.694      57.825       5.365       1.136
----------------------------------------------------------------------------------------------------
       28839           1       4.581       3.387       1.592       2.877       2.127
                       5      22.421       7.240       5.176       4.332       1.399
                      10      44.132      12.154       9.659       4.569       1.258
                     100     438.686     100.732      91.391       4.800       1.102
----------------------------------------------------------------------------------------------------
       38995           1       6.400       4.593       2.233       2.867       2.057
                       5      32.450      10.087       7.288       4.452       1.384
                      10      64.508      17.135      13.720       4.702       1.249
                     100     638.057     141.864     127.341       5.011       1.114
----------------------------------------------------------------------------------------------------
       51019           1       8.622       6.061       3.030       2.845       2.000
                       5      41.565      13.286       9.919       4.190       1.339
                      10      82.247      22.458      18.220       4.514       1.233
                     100     829.282     187.340     169.056       4.905       1.108
----------------------------------------------------------------------------------------------------
       64746           1      11.505       8.203       3.879       2.966       2.114
                       5      54.088      17.250      13.083       4.134       1.319
                      10      87.991      28.897      23.547       3.737       1.227
                     100     881.447     239.555     217.499       4.053       1.101
----------------------------------------------------------------------------------------------------
       79462           1      15.726      10.159       5.709       2.754       1.779
                       5      73.111      21.879      17.277       4.232       1.266
                      10     145.737      36.407      30.483       4.781       1.194
                     100    1372.984     300.509     272.696       5.035       1.102
----------------------------------------------------------------------------------------------------
       96177           1      11.003      12.525       6.278       1.753       1.995
                       5      53.278      26.685      20.117       2.648       1.326
                      10     105.522      44.746      37.306       2.829       1.199
                     100     864.469     369.929     338.751       2.552       1.092
----------------------------------------------------------------------------------------------------
      114114           1       9.113      16.713       7.914       1.151       2.112
                       5      44.005      36.181      25.739       1.710       1.406
                      10     104.684      57.077      47.163       2.220       1.210
                     100     873.047     458.815     412.641       2.116       1.112
----------------------------------------------------------------------------------------------------
      133931           1      10.338      20.403      10.251       1.008       1.990
                       5      50.414      44.386      32.646       1.544       1.360
                      10     101.015      71.804      58.831       1.717       1.221
                     100    1006.065     565.352     511.392       1.967       1.106
----------------------------------------------------------------------------------------------------
      155370           1      11.542      24.358      13.117       0.880       1.857
                       5      56.536      53.800      41.565       1.360       1.294
                      10     110.903      88.512      75.630       1.466       1.170
                     100    1129.609     704.579     649.117       1.740       1.085
----------------------------------------------------------------------------------------------------
      178183           1      12.866      28.135      15.679       0.821       1.794
                       5      62.571      65.166      51.920       1.205       1.255
                      10     125.840     107.016      93.530       1.345       1.144
                     100    1248.009     849.596     818.237       1.525       1.038
----------------------------------------------------------------------------------------------------
      203357           1      14.552      32.581      18.568       0.784       1.755
                       5      69.337      76.457      63.135       1.098       1.211
                      10     140.867     128.954     115.783       1.217       1.114
                     100    1408.169    1037.676    1019.791       1.381       1.018
----------------------------------------------------------------------------------------------------
      228495           1      15.708      36.782      21.457       0.732       1.714
                       5      77.748      89.872      75.406       1.031       1.192
                      10     156.917     154.026     139.875       1.122       1.101
                     100    1531.831    1265.485    1268.993       1.207       0.997
----------------------------------------------------------------------------------------------------
      256661           1      17.297      41.788      25.089       0.689       1.666
                       5      84.632     104.435      87.646       0.966       1.192
                      10     166.315     179.455     164.012       1.014       1.094
                     100    1665.152    1515.027    1536.074       1.084       0.986
----------------------------------------------------------------------------------------------------
      285537           1      18.782      46.508      28.447       0.660       1.635
                       5      92.575     118.606     102.338       0.905       1.159
                      10     181.780     206.810     192.803       0.943       1.073
                     100    1823.372    1766.140    1826.451       0.998       0.967
----------------------------------------------------------------------------------------------------
      315616           1      20.349      51.650      32.152       0.633       1.606
                       5      99.892     134.317     117.806       0.848       1.140
                      10     198.556     233.730     222.527       0.892       1.050
                     100    1972.178    2037.119    2130.009       0.926       0.956
----------------------------------------------------------------------------------------------------
      348682           1      21.993      57.291      36.001       0.611       1.591
                       5     108.802     150.746     133.888       0.813       1.126
                      10     215.666     266.071     252.822       0.853       1.052
                     100    2142.975    2313.630    2440.833       0.878       0.948
----------------------------------------------------------------------------------------------------
      383151           1      23.910      63.197      40.670       0.588       1.554
                       5     117.157     167.754     149.580       0.783       1.121
                      10     233.370     296.218     285.008       0.819       1.039
                     100    2341.217    2610.983    2762.818       0.847       0.945
----------------------------------------------------------------------------------------------------
      418715           1      25.806      69.232      44.422       0.581       1.559
                       5     126.508     185.012     168.402       0.751       1.099
                      10     255.513     328.497     320.492       0.797       1.025
                     100    2540.046    2915.181    3116.373       0.815       0.935
----------------------------------------------------------------------------------------------------
      454899           1      27.763      75.402      48.918       0.568       1.541
                       5     137.513     204.475     185.273       0.742       1.104
                      10     272.898     362.748     356.397       0.766       1.018
                     100    2692.864    3236.373    3462.043       0.778       0.935
----------------------------------------------------------------------------------------------------
      493484           1      29.924      82.428      54.175       0.552       1.522
                       5     147.456     223.984     204.852       0.720       1.093
                      10     296.372     400.975     393.165       0.754       1.020
                     100    2931.721    3558.591    3837.037       0.764       0.927
----------------------------------------------------------------------------------------------------
      533919           1      31.767      89.055      58.981       0.539       1.510
                       5     156.871     244.235     224.462       0.699       1.088
                      10     315.265     438.122     432.924       0.728       1.012
                     100    3106.873    3920.126    4214.014       0.737       0.930
----------------------------------------------------------------------------------------------------
      575860           1      33.982      96.545      64.175       0.530       1.504
                       5     168.939     266.496     247.372       0.683       1.077
                      10     336.022     477.471     472.279       0.711       1.011
                     100    3357.773    4273.045    4619.149       0.727       0.925
----------------------------------------------------------------------------------------------------
      620644           1      36.296     104.651      69.505       0.522       1.506
                       5     180.939     289.281     268.190       0.675       1.079
                      10     356.605     519.085     518.034       0.688       1.002
                     100    3560.860    4659.500    5045.546       0.706       0.923
----------------------------------------------------------------------------------------------------
      664533           1      38.593     112.664      75.318       0.512       1.496
                       5     193.200     312.524     291.433       0.663       1.072
                      10     385.831     561.679     564.193       0.684       0.996
                     100    3780.563    5045.783    5473.078       0.691       0.922
----------------------------------------------------------------------------------------------------
      711756           1      41.783     120.222      81.219       0.514       1.480
                       5     205.118     336.894     315.417       0.650       1.068
                      10     410.651     606.903     609.448       0.674       0.996
                     100    4089.142    5458.318    5924.839       0.690       0.921
----------------------------------------------------------------------------------------------------
