Running framework using 8 cores
     |V|+|E|      Repeat         OMP         TBB          TF    speedup1    speedup2
====================================================================================================
           2           1       6.126       0.088      11.912       0.514       0.007
                       5       0.029       0.013      12.417       0.002       0.001
                      10       0.051       0.012       4.877       0.010       0.003
                     100       0.440       0.046      11.746       0.037       0.004
----------------------------------------------------------------------------------------------------
         863           1       0.641       0.147       7.150       0.090       0.021
                       5       3.059       0.231      11.660       0.262       0.020
                      10       6.040       1.763      10.793       0.560       0.163
                     100      59.772      12.190       7.042       8.488       1.731
----------------------------------------------------------------------------------------------------
        3270           1       2.294       0.501      11.727       0.196       0.043
                       5      11.464       1.819       9.640       1.189       0.189
                      10      22.812       3.294      10.016       2.278       0.329
                     100     226.866      18.324       8.154      27.824       2.247
----------------------------------------------------------------------------------------------------
        7292           1       5.104       1.536      10.997       0.464       0.140
                       5      25.231       3.107      10.425       2.420       0.298
                      10      50.203       5.542       8.401       5.976       0.660
                     100     502.536      35.226      15.992      31.423       2.203
----------------------------------------------------------------------------------------------------
       12928           1       9.029       4.239      10.064       0.897       0.421
                       5      44.051       5.085       8.951       4.921       0.568
                      10      88.138       8.833       7.593      11.608       1.163
                     100     882.473      66.252      26.675      33.083       2.484
----------------------------------------------------------------------------------------------------
       20185           1      13.995       5.491       9.170       1.526       0.599
                       5      68.941       6.707       9.727       7.088       0.690
                      10     137.037      15.499       7.236      18.938       2.142
                     100    1373.674     101.805      35.944      38.217       2.832
----------------------------------------------------------------------------------------------------
       28877           1      19.777       7.793       6.609       2.992       1.179
                       5      98.703      15.257       5.755      17.150       2.651
                      10     195.873      19.643       6.848      28.602       2.868
                     100    1966.502     139.554      49.047      40.095       2.845
----------------------------------------------------------------------------------------------------
       39148           1      26.763       5.755       8.171       3.275       0.704
                       5     134.402      16.823       6.363      21.122       2.644
                      10     268.029      28.464       7.588      35.322       3.751
                     100    2669.977     191.248      62.853      42.480       3.043
----------------------------------------------------------------------------------------------------
       50900           1      34.993       7.400       6.534       5.356       1.133
                       5     173.418      17.081       6.670      25.999       2.561
                      10     346.334      32.689       9.348      37.049       3.497
                     100    3476.222     249.340      79.484      43.735       3.137
----------------------------------------------------------------------------------------------------
       64423           1      44.470      12.773       4.050      10.979       3.153
                       5     221.419      25.203       6.228      35.550       4.047
                      10     440.607      40.062      11.314      38.945       3.541
                     100    4390.629     308.092      99.442      44.153       3.098
----------------------------------------------------------------------------------------------------
       79519           1      54.703      11.767       4.154      13.169       2.833
                       5     270.538      26.739       7.641      35.408       3.500
                      10     543.794      45.345      14.051      38.701       3.227
                     100    5419.720     377.031     110.202      49.180       3.421
----------------------------------------------------------------------------------------------------
       96136           1      65.839      15.174       3.687      17.858       4.116
                       5     327.536      32.162       9.267      35.343       3.470
                      10     654.566      54.490      15.631      41.877       3.486
                     100    6553.869     453.226     127.088      51.570       3.566
----------------------------------------------------------------------------------------------------
      114264           1      78.304      16.817       4.395      17.816       3.826
                       5     390.388      38.943      10.149      38.464       3.837
                      10     779.156      65.108      18.555      41.993       3.509
                     100    7796.333     535.875     146.447      53.237       3.659
----------------------------------------------------------------------------------------------------
      133614           1      93.416      20.555       5.410      17.269       3.800
                       5     457.063      45.130      12.764      35.808       3.536
                      10     914.653      75.267      20.737      44.108       3.630
                     100    9107.099     626.252     161.927      56.242       3.868
----------------------------------------------------------------------------------------------------
      154864           1     107.905      23.198       6.193      17.425       3.746
                       5     530.343      51.260      14.934      35.513       3.432
                      10    1061.020      86.572      24.541      43.235       3.528
                     100   10622.505     721.478     187.842      56.550       3.841
----------------------------------------------------------------------------------------------------
      178666           1     123.586      26.032       7.418      16.661       3.510
                       5     607.819      58.213      17.396      34.940       3.346
                      10    1216.402      98.844      27.745      43.843       3.563
                     100   12145.087     831.017     217.665      55.797       3.818
----------------------------------------------------------------------------------------------------
      202758           1     141.057      29.441       8.444      16.706       3.487
                       5     690.411      65.975      19.313      35.749       3.416
                      10    1377.148     112.492      31.677      43.475       3.551
                     100   13817.900     943.805     247.455      55.840       3.814
----------------------------------------------------------------------------------------------------
      228601           1     158.299      32.980       9.885      16.014       3.336
                       5     779.222      74.680      22.700      34.327       3.290
                      10    1560.818     127.620      36.820      42.390       3.466
                     100   15594.244    1063.486     289.133      53.934       3.678
----------------------------------------------------------------------------------------------------
      256579           1     179.477      38.473      11.480      15.634       3.351
                       5     874.288      83.700      26.120      33.472       3.204
                      10    1750.644     141.830      41.720      41.962       3.400
                     100   17530.815    1190.567     335.225      52.296       3.552
----------------------------------------------------------------------------------------------------
      284911           1     197.164      42.192      12.586      15.665       3.352
                       5     974.298      93.910      29.501      33.026       3.183
                      10    1942.508     159.573      48.378      40.153       3.298
                     100   19500.069    1333.733     389.726      50.035       3.422
----------------------------------------------------------------------------------------------------
      316707           1     217.566      46.666      14.268      15.249       3.271
                       5    1079.001     104.656      32.932      32.765       3.178
                      10    2147.073     176.691      54.394      39.473       3.248
                     100   21573.503    1475.894     440.125      49.017       3.353
----------------------------------------------------------------------------------------------------
      348711           1     240.006      51.491      15.878      15.115       3.243
                       5    1188.116     114.916      36.962      32.144       3.109
                      10    2375.837     196.929      61.548      38.601       3.200
                     100   23733.311    1635.544     498.763      47.584       3.279
----------------------------------------------------------------------------------------------------
      382556           1     263.944      56.609      17.662      14.944       3.205
                       5    1305.947     127.157      40.916      31.918       3.108
                      10    2604.086     214.579      68.781      37.861       3.120
                     100   26081.120    1801.978     562.659      46.353       3.203
----------------------------------------------------------------------------------------------------
      418686           1     291.888      62.780      20.032      14.571       3.134
                       5    1430.635     139.058      46.426      30.815       2.995
                      10    2841.681     234.682      75.280      37.748       3.117
                     100   28507.351    1961.474     625.028      45.610       3.138
----------------------------------------------------------------------------------------------------
      456272           1     319.147      68.161      21.886      14.582       3.114
                       5    1556.864     154.157      49.791      31.268       3.096
                      10    3107.581     257.983      82.296      37.761       3.135
                     100   31100.265    2142.214     684.209      45.454       3.131
----------------------------------------------------------------------------------------------------
      494005           1     344.090      73.942      23.337      14.744       3.168
                       5    1680.349     165.619      54.113      31.052       3.061
                      10    3371.567     281.420      90.628      37.202       3.105
                     100   33684.659    2337.296     751.657      44.814       3.110
----------------------------------------------------------------------------------------------------
      534177           1     373.222      81.832      25.701      14.522       3.184
                       5    1830.580     180.221      59.273      30.884       3.041
                      10    3648.703     302.603     100.042      36.472       3.025
                     100   36372.424    2526.402     817.866      44.472       3.089
----------------------------------------------------------------------------------------------------
      575249           1     397.026      88.132      28.201      14.078       3.125
                       5    1957.371     193.533      63.126      31.007       3.066
                      10    3920.938     328.773     107.247      36.560       3.066
                     100   39183.866    2734.003     901.261      43.477       3.034
----------------------------------------------------------------------------------------------------
      619248           1     426.172      95.714      31.094      13.706       3.078
                       5    2129.690     210.705      68.488      31.096       3.077
                      10    4215.034     352.646     115.613      36.458       3.050
                     100   42330.689    2942.544     960.241      44.083       3.064
----------------------------------------------------------------------------------------------------
      664361           1     459.911     103.189      32.590      14.112       3.166
                       5    2264.636     225.471      72.345      31.303       3.117
                      10    4527.736     380.456     126.526      35.785       3.007
                     100   45241.141    3163.088    1044.133      43.329       3.029
----------------------------------------------------------------------------------------------------
      711077           1     489.250     112.084      35.793      13.669       3.131
                       5    2416.623     241.091      78.530      30.773       3.070
                      10    4838.935     406.102     136.918      35.342       2.966
                     100   48552.305    3381.525    1117.795      43.436       3.025
----------------------------------------------------------------------------------------------------
