Running framework using 2 cores
     |V|+|E|      Repeat         OMP         TBB          TF    speedup1    speedup2
====================================================================================================
           2           1       2.131       0.200       1.287       1.656       0.155
                       5       0.021       0.030       4.484       0.005       0.007
                      10       0.038       0.030       1.218       0.031       0.025
                     100       0.329       0.121       0.380       0.866       0.320
----------------------------------------------------------------------------------------------------
         857           1       2.509       0.473       0.513       4.894       0.922
                       5       8.275       0.526       0.451      18.340       1.165
                      10       5.945       1.321       3.065       1.940       0.431
                     100      29.966       8.946       1.762      17.011       5.078
----------------------------------------------------------------------------------------------------
        3318           1       1.175       0.502       3.030       0.388       0.166
                       5       5.509       1.312       2.257       2.441       0.582
                      10      11.228       2.214       4.426       2.537       0.500
                     100     111.786      13.879       7.561      14.785       1.836
----------------------------------------------------------------------------------------------------
        7420           1       4.716       1.424       4.027       1.171       0.354
                       5      14.816       2.735       5.789       2.559       0.472
                      10      23.809       3.693       4.141       5.749       0.892
                     100     240.973      31.469      26.972       8.934       1.167
----------------------------------------------------------------------------------------------------
       12979           1       4.651       1.729       3.472       1.340       0.498
                       5      21.504       3.557       3.519       6.110       1.011
                      10      42.071       6.930       5.183       8.117       1.337
                     100     422.253      59.300      45.523       9.276       1.303
----------------------------------------------------------------------------------------------------
       20248           1       6.871       2.673       2.693       2.551       0.992
                       5      33.444       5.309       5.052       6.619       1.051
                      10      67.133       9.024       6.909       9.716       1.306
                     100     667.416      92.948      74.446       8.965       1.249
----------------------------------------------------------------------------------------------------
       29002           1       9.955       3.865       1.650       6.034       2.343
                       5      48.066       9.156       7.050       6.818       1.299
                      10      95.604      14.569       9.745       9.810       1.495
                     100     952.878     134.167     100.071       9.522       1.341
----------------------------------------------------------------------------------------------------
       39126           1      13.605       5.141       3.036       4.482       1.694
                       5      67.384      11.053      13.324       5.057       0.830
                      10     129.394      19.211      15.189       8.519       1.265
                     100    1277.919     181.548     128.694       9.930       1.411
----------------------------------------------------------------------------------------------------
       50787           1      17.757       6.688       3.643       4.875       1.836
                       5      83.223      15.853       8.956       9.292       1.770
                      10     165.070      26.195      17.399       9.487       1.506
                     100    1630.090     236.473     158.059      10.313       1.496
----------------------------------------------------------------------------------------------------
       64658           1      22.416       8.597       3.328       6.736       2.583
                       5     104.762      19.839      14.500       7.225       1.368
                      10     211.009      34.197      28.671       7.360       1.193
                     100    2060.429     301.260     205.574      10.023       1.465
----------------------------------------------------------------------------------------------------
       79675           1      28.523      10.776       6.957       4.100       1.549
                       5     129.002      24.557      14.975       8.614       1.640
                      10     261.155      42.675      34.256       7.624       1.246
                     100    2541.829     370.360     244.307      10.404       1.516
----------------------------------------------------------------------------------------------------
       96245           1      32.629      13.627       5.420       6.020       2.514
                       5     156.865      30.655      20.131       7.792       1.523
                      10     311.645      52.865      33.749       9.234       1.566
                     100    3117.481     449.546     303.623      10.268       1.481
----------------------------------------------------------------------------------------------------
      114477           1      40.233      17.456      10.884       3.697       1.604
                       5     184.667      37.020      27.426       6.733       1.350
                      10     368.038      63.296      40.649       9.054       1.557
                     100    3644.525     535.663     363.717      10.020       1.473
----------------------------------------------------------------------------------------------------
      134173           1      45.949      19.297      10.140       4.531       1.903
                       5     220.146      44.213      27.794       7.921       1.591
                      10     432.033      75.292      58.519       7.383       1.287
                     100    4307.658     632.851     423.190      10.179       1.495
----------------------------------------------------------------------------------------------------
      155472           1      54.379      22.560      11.178       4.865       2.018
                       5     257.470      51.989      41.972       6.134       1.239
                      10     503.165      88.244      57.812       8.703       1.526
                     100    4950.105     739.533     507.862       9.747       1.456
----------------------------------------------------------------------------------------------------
      178329           1      60.823      26.074      12.282       4.952       2.123
                       5     290.494      60.129      38.514       7.543       1.561
                      10     583.915     102.275      69.759       8.370       1.466
                     100    5680.521     860.995     615.156       9.234       1.400
----------------------------------------------------------------------------------------------------
      202399           1      66.723      29.460      14.177       4.706       2.078
                       5     329.009      69.486      45.715       7.197       1.520
                      10     656.628     117.926      82.584       7.951       1.428
                     100    6533.898     995.003     740.545       8.823       1.344
----------------------------------------------------------------------------------------------------
      228827           1      80.225      33.362      16.804       4.774       1.985
                       5     373.586      78.455      53.620       6.967       1.463
                      10     747.802     134.967      98.175       7.617       1.375
                     100    7656.691    1144.750     877.293       8.728       1.305
----------------------------------------------------------------------------------------------------
      256763           1      85.294      37.915      19.317       4.415       1.963
                       5     427.482      89.206      62.134       6.880       1.436
                      10     827.763     153.669     112.780       7.340       1.363
                     100    8305.251    1308.772    1027.544       8.083       1.274
----------------------------------------------------------------------------------------------------
      285383           1      95.395      41.848      21.824       4.371       1.917
                       5     467.956     100.969      70.652       6.623       1.429
                      10     943.462     173.567     129.013       7.313       1.345
                     100    9586.039    1484.175    1187.892       8.070       1.249
----------------------------------------------------------------------------------------------------
      315785           1     104.657      46.930      24.713       4.235       1.899
                       5     520.485     112.626      80.769       6.444       1.394
                      10    1042.117     195.277     147.327       7.074       1.325
                     100   10393.859    1673.005    1359.351       7.646       1.231
----------------------------------------------------------------------------------------------------
      349523           1     117.128      51.748      27.994       4.184       1.849
                       5     578.171     125.441      90.466       6.391       1.387
                      10    1150.727     217.597     166.626       6.906       1.306
                     100   11396.749    1872.781    1551.684       7.345       1.207
----------------------------------------------------------------------------------------------------
      383268           1     124.366      57.157      30.770       4.042       1.858
                       5     630.204     139.280     100.554       6.267       1.385
                      10    1243.662     241.321     187.481       6.634       1.287
                     100   12451.979    2079.146    1732.759       7.186       1.200
----------------------------------------------------------------------------------------------------
      418798           1     138.849      62.886      34.520       4.022       1.822
                       5     691.213     152.770     126.214       5.477       1.210
                      10    1375.076     266.083     225.235       6.105       1.181
                     100   13684.280    2301.570    1937.700       7.062       1.188
----------------------------------------------------------------------------------------------------
      455398           1     153.639      68.498      37.202       4.130       1.841
                       5     750.661     167.453     123.771       6.065       1.353
                      10    1485.265     291.623     230.540       6.443       1.265
                     100   15008.251    2526.327    2141.593       7.008       1.180
----------------------------------------------------------------------------------------------------
      493851           1     165.595      74.345      40.791       4.060       1.823
                       5     827.105     183.078     136.636       6.053       1.340
                      10    1611.974     318.726     253.152       6.368       1.259
                     100   16071.546    2767.258    2358.757       6.814       1.173
----------------------------------------------------------------------------------------------------
      533414           1     176.117      81.479      44.709       3.939       1.822
                       5     880.549     199.466     164.801       5.343       1.210
                      10    1731.515     346.544     294.501       5.879       1.177
                     100   17336.558    3016.588    2593.580       6.684       1.163
----------------------------------------------------------------------------------------------------
      576554           1     190.086      87.495      48.141       3.949       1.817
                       5     957.347     216.117     179.051       5.347       1.207
                      10    1880.541     377.548     302.550       6.216       1.248
                     100   18927.886    3276.331    2832.332       6.683       1.157
----------------------------------------------------------------------------------------------------
      619877           1     202.185      94.932      51.895       3.896       1.829
                       5    1016.926     232.895     175.732       5.787       1.325
                      10    2019.331     406.491     328.184       6.153       1.239
                     100   20296.800    3545.197    3088.293       6.572       1.148
----------------------------------------------------------------------------------------------------
      665214           1     218.772     102.434      57.169       3.827       1.792
                       5    1108.104     251.328     189.692       5.842       1.325
                      10    2175.077     438.801     365.037       5.959       1.202
                     100   21753.293    3817.702    3331.778       6.529       1.146
----------------------------------------------------------------------------------------------------
      711801           1     233.699     108.986      61.304       3.812       1.778
                       5    1173.120     271.286     205.039       5.721       1.323
                      10    2350.589     473.085     384.144       6.119       1.232
                     100   23271.518    4103.886    3593.850       6.475       1.142
----------------------------------------------------------------------------------------------------
