Running framework using 3 cores
     |V|+|E|      Repeat         OMP         TBB          TF    speedup1    speedup2
====================================================================================================
           2           1       0.044       0.075       2.356       0.019       0.032
                       5       0.015       0.017       2.960       0.005       0.006
                      10       0.034       0.032       2.331       0.015       0.014
                     100       0.295       0.116       0.259       1.139       0.447
----------------------------------------------------------------------------------------------------
         867           1       0.350       0.421       0.439       0.798       0.959
                       5       1.754       0.589       0.428       4.097       1.376
                      10       5.521       0.923       2.551       2.164       0.362
                     100      33.522      11.449       3.356       9.988       3.411
----------------------------------------------------------------------------------------------------
        3291           1       4.282       0.556       7.011       0.611       0.079
                       5       6.595       1.650       2.711       2.433       0.609
                      10      12.924       2.212       8.616       1.500       0.257
                     100     126.832      17.061       8.924      14.212       1.912
----------------------------------------------------------------------------------------------------
        7289           1       4.985       1.875       2.640       1.888       0.710
                       5      16.245       2.712       4.122       3.941       0.658
                      10      28.243       3.852       6.934       4.073       0.556
                     100     284.173      35.613      21.641      13.131       1.646
----------------------------------------------------------------------------------------------------
       12855           1       5.188       2.111       4.722       1.099       0.447
                       5      24.649       3.664       6.101       4.040       0.600
                      10      49.370       6.369       4.569      10.805       1.394
                     100     496.228      64.319      36.247      13.690       1.774
----------------------------------------------------------------------------------------------------
       20047           1       8.209       3.219       6.111       1.343       0.527
                       5      38.369       5.504       5.314       7.220       1.036
                      10      76.788       9.461       5.814      13.207       1.627
                     100     769.549     100.596      53.225      14.458       1.890
----------------------------------------------------------------------------------------------------
       28581           1      11.205       4.006       2.897       3.868       1.383
                       5      54.962       9.650       8.332       6.596       1.158
                      10     110.300      15.047       8.240      13.386       1.826
                     100    1105.908     143.987      70.689      15.645       2.037
----------------------------------------------------------------------------------------------------
       38943           1      15.421       5.217       5.723       2.694       0.912
                       5      75.548      11.436       5.379      14.044       2.126
                      10     150.508      21.116       9.724      15.478       2.172
                     100    1508.417     193.417      86.279      17.483       2.242
----------------------------------------------------------------------------------------------------
       50991           1      21.724       6.913       4.885       4.447       1.415
                       5      97.720      15.955       7.052      13.857       2.262
                      10     196.613      28.533      11.690      16.819       2.441
                     100    1969.100     250.238     105.641      18.639       2.369
----------------------------------------------------------------------------------------------------
       64669           1      26.260       9.263       4.278       6.138       2.165
                       5     124.166      20.539       8.204      15.135       2.504
                      10     248.216      35.942      14.519      17.095       2.475
                     100    2487.514     318.054     130.507      19.060       2.437
----------------------------------------------------------------------------------------------------
       79197           1      31.398      11.250       3.846       8.164       2.925
                       5     153.213      26.263       9.750      15.714       2.694
                      10     308.227      45.084      18.093      17.036       2.492
                     100    3067.904     392.876     158.900      19.307       2.472
----------------------------------------------------------------------------------------------------
       96093           1      37.648      14.078       4.234       8.892       3.325
                       5     189.330      32.430      12.278      15.421       2.641
                      10     370.977      55.422      22.212      16.702       2.495
                     100    3698.718     473.560     186.174      19.867       2.544
----------------------------------------------------------------------------------------------------
      114178           1      46.482      16.820       5.772       8.053       2.914
                       5     221.741      38.600      16.514      13.427       2.337
                      10     441.776      66.168      27.433      16.104       2.412
                     100    4412.751     561.968     225.564      19.563       2.491
----------------------------------------------------------------------------------------------------
      134041           1      52.242      19.654       7.363       7.095       2.669
                       5     259.218      45.742      19.033      13.619       2.403
                      10     519.035      78.344      32.438      16.001       2.415
                     100    5145.993     660.845     263.493      19.530       2.508
----------------------------------------------------------------------------------------------------
      155211           1      61.114      22.800       8.722       7.007       2.614
                       5     301.024      53.365      22.342      13.474       2.389
                      10     590.269      90.928      38.355      15.390       2.371
                     100    5985.160     767.614     315.993      18.941       2.429
----------------------------------------------------------------------------------------------------
      178700           1      69.636      26.026      10.728       6.491       2.426
                       5     346.604      61.790      26.740      12.962       2.311
                      10     691.414     104.543      45.768      15.107       2.284
                     100    6872.797     888.052     380.096      18.082       2.336
----------------------------------------------------------------------------------------------------
      203010           1      80.375      29.577      11.472       7.006       2.578
                       5     395.886      68.984      31.463      12.582       2.193
                      10     779.896     118.877      54.854      14.218       2.167
                     100    7810.041    1013.429     458.285      17.042       2.211
----------------------------------------------------------------------------------------------------
      228803           1      89.940      33.226      13.176       6.826       2.522
                       5     443.678      78.106      36.923      12.016       2.115
                      10     883.909     135.189      63.866      13.840       2.117
                     100    8779.840    1147.489     549.808      15.969       2.087
----------------------------------------------------------------------------------------------------
      255933           1     101.390      37.743      15.699       6.458       2.404
                       5     503.377      88.382      42.053      11.970       2.102
                      10     989.528     151.751      73.713      13.424       2.059
                     100    9869.876    1297.097     647.925      15.233       2.002
----------------------------------------------------------------------------------------------------
      285971           1     112.475      42.259      18.465       6.091       2.289
                       5     550.263      98.710      48.484      11.349       2.036
                      10    1102.952     169.578      85.151      12.953       1.992
                     100   11072.325    1456.981     755.378      14.658       1.929
----------------------------------------------------------------------------------------------------
      316962           1     126.746      46.720      20.618       6.147       2.266
                       5     620.996     110.986      54.902      11.311       2.022
                      10    1212.041     189.525      97.854      12.386       1.937
                     100   12183.810    1623.335     870.157      14.002       1.866
----------------------------------------------------------------------------------------------------
      349065           1     135.774      51.508      22.108       6.141       2.330
                       5     675.510     122.101      63.792      10.589       1.914
                      10    1345.933     210.266     110.599      12.169       1.901
                     100   13426.958    1803.107     992.888      13.523       1.816
----------------------------------------------------------------------------------------------------
      382106           1     151.307      57.083      24.893       6.078       2.293
                       5     737.406     135.609      71.929      10.252       1.885
                      10    1486.463     231.867     124.767      11.914       1.858
                     100   14747.223    1984.816    1115.580      13.219       1.779
----------------------------------------------------------------------------------------------------
      418659           1     163.438      62.465      27.293       5.988       2.289
                       5     804.032     147.283      76.496      10.511       1.925
                      10    1623.961     254.265     138.151      11.755       1.840
                     100   16084.130    2185.248    1250.144      12.866       1.748
----------------------------------------------------------------------------------------------------
      455315           1     183.654      68.318      29.904       6.141       2.285
                       5     876.051     162.956      85.682      10.224       1.902
                      10    1757.246     278.442     152.767      11.503       1.823
                     100   17634.337    2389.152    1384.652      12.736       1.725
----------------------------------------------------------------------------------------------------
      493855           1     194.288      74.768      33.033       5.882       2.263
                       5     960.710     175.993      93.659      10.258       1.879
                      10    1894.754     304.223     168.300      11.258       1.808
                     100   19125.664    2610.657    1533.129      12.475       1.703
----------------------------------------------------------------------------------------------------
      534767           1     210.489      81.301      36.176       5.818       2.247
                       5    1036.604     191.720     102.743      10.089       1.866
                      10    2068.831     330.744     188.380      10.982       1.756
                     100   20791.412    2833.726    1686.413      12.329       1.680
----------------------------------------------------------------------------------------------------
      575984           1     228.883      87.175      39.154       5.846       2.226
                       5    1117.644     206.676     111.914       9.987       1.847
                      10    2222.580     359.250     201.998      11.003       1.778
                     100   22254.356    3063.684    1837.668      12.110       1.667
----------------------------------------------------------------------------------------------------
      619694           1     253.837      95.112      42.208       6.014       2.253
                       5    1195.943     223.287     120.879       9.894       1.847
                      10    2375.583     383.886     219.493      10.823       1.749
                     100   23704.416    3302.774    2000.515      11.849       1.651
----------------------------------------------------------------------------------------------------
      663930           1     264.203     101.793      45.879       5.759       2.219
                       5    1299.213     239.765     130.580       9.950       1.836
                      10    2573.867     413.354     237.214      10.850       1.743
                     100   25794.149    3549.612    2164.956      11.914       1.640
----------------------------------------------------------------------------------------------------
      711696           1     280.340     109.116      49.251       5.692       2.215
                       5    1381.859     256.114     140.366       9.845       1.825
                      10    2752.241     445.068     259.137      10.621       1.718
                     100   27412.767    3807.487    2338.236      11.724       1.628
----------------------------------------------------------------------------------------------------
