Running jacobi_stencil using 3 cores
    # blocks      Repeat      OpenMP         TBB    Taskflow    speedup1    speedup2
====================================================================================================
          16           1           0           0           5           0           0
          16           5         0.4           0           0         inf        -nan
          16          10           0           0           0        -nan        -nan
          16         100         3.6           0         9.2    0.391304           0
----------------------------------------------------------------------------------------------------
         400           1         2.2           0         5.8     0.37931           0
         400           5         2.6         0.6           3    0.866667         0.2
         400          10           4           1         4.8    0.833333    0.208333
         400         100        44.8           9           6     7.46667         1.5
----------------------------------------------------------------------------------------------------
        1296           1         3.2         0.6           4         0.8        0.15
        1296           5           7         1.2         2.2     3.18182    0.545455
        1296          10        14.4           3         7.8     1.84615    0.384615
        1296         100       149.4        26.4          15        9.96        1.76
----------------------------------------------------------------------------------------------------
        2704           1         2.8           1         5.4    0.518519    0.185185
        2704           5          14         3.6         4.4     3.18182    0.818182
        2704          10        29.8           7           5        5.96         1.4
        2704         100       309.2        49.4        30.2     10.2384     1.63576
----------------------------------------------------------------------------------------------------
        4624           1         4.8         2.2         3.2         1.5      0.6875
        4624           5        24.8           6           4         6.2         1.5
        4624          10          50        11.4           5          10        2.28
        4624         100       513.2        79.2        47.4      10.827     1.67089
----------------------------------------------------------------------------------------------------
        7056           1         6.8         3.4         5.6     1.21429    0.607143
        7056           5          39          10         4.2     9.28571     2.38095
        7056          10        77.6          16         7.2     10.7778     2.22222
        7056         100       786.2         116        69.6      11.296     1.66667
----------------------------------------------------------------------------------------------------
       10000           1          10           5         5.2     1.92308    0.961538
       10000           5        50.8          13         5.4     9.40741     2.40741
       10000          10         104        21.4        10.4          10     2.05769
       10000         100      1039.2       160.6        96.6     10.7578     1.66253
----------------------------------------------------------------------------------------------------
       13456           1          13         6.2           4        3.25        1.55
       13456           5          65          16           7     9.28571     2.28571
       13456          10       134.6          26        13.2      10.197      1.9697
       13456         100      1341.8         200       127.6     10.5157      1.5674
----------------------------------------------------------------------------------------------------
       17424           1        16.4           9           4         4.1        2.25
       17424           5        83.8          20         9.2      9.1087     2.17391
       17424          10         168        33.6        18.4     9.13043     1.82609
       17424         100      1669.2       261.6       163.8     10.1905     1.59707
----------------------------------------------------------------------------------------------------
       21904           1        20.8        11.2           4         5.2         2.8
       21904           5         106        24.8          12     8.83333     2.06667
       21904          10       212.4        39.6        22.6     9.39823     1.75221
       21904         100      2151.4       329.2       207.8     10.3532     1.58422
----------------------------------------------------------------------------------------------------
       26896           1        24.8        13.2           5        4.96        2.64
       26896           5       123.8        29.6        15.8     7.83544     1.87342
       26896          10       250.2        50.6        28.8      8.6875     1.75694
       26896         100      2509.2       398.4       260.6     9.62855     1.52878
----------------------------------------------------------------------------------------------------
       32400           1        29.6        15.2         6.8     4.35294     2.23529
       32400           5         150        34.8        19.6     7.65306     1.77551
       32400          10       296.6        60.2        35.6     8.33146     1.69101
       32400         100      2974.4       481.2       319.2      9.3183     1.50752
----------------------------------------------------------------------------------------------------
       38416           1        36.8        17.8         8.6     4.27907     2.06977
       38416           5       179.4        40.4          25       7.176       1.616
       38416          10       353.4        71.6          44     8.03182     1.62727
       38416         100      3605.6         575       385.8     9.34578     1.49041
----------------------------------------------------------------------------------------------------
       44944           1        41.6          20        10.2     4.07843     1.96078
       44944           5       202.8        46.4        28.8     7.04167     1.61111
       44944          10       406.8        81.2        51.4      7.9144     1.57977
       44944         100      4163.6         675       456.2      9.1267     1.47961
----------------------------------------------------------------------------------------------------
       51984           1        47.6        22.2          12     3.96667        1.85
       51984           5         234        52.8        34.2     6.84211     1.54386
       51984          10         472          92        59.8     7.89298     1.53846
       51984         100        4697       766.4       530.6     8.85224      1.4444
----------------------------------------------------------------------------------------------------
       59536           1          54        25.2        14.2     3.80282     1.77465
       59536           5       270.8        60.6        39.8     6.80402     1.52261
       59536          10       546.8       107.4        69.6     7.85632      1.5431
       59536         100      5526.2       907.6       611.6     9.03564     1.48398
----------------------------------------------------------------------------------------------------
       67600           1          64        28.6        16.6     3.85542     1.72289
       67600           5       314.4          68        44.8     7.01786     1.51786
       67600          10       638.4         120        79.8           8     1.50376
       67600         100        6194      1037.6         697     8.88666     1.48867
----------------------------------------------------------------------------------------------------
       76176           1        69.2        31.8        19.2     3.60417     1.65625
       76176           5       347.2        76.4        51.8      6.7027      1.4749
       76176          10       711.4       134.6        89.6     7.93973     1.50223
       76176         100      7149.6      1157.6       785.2     9.10545     1.47427
----------------------------------------------------------------------------------------------------
       85264           1        77.8          36          22     3.53636     1.63636
       85264           5       388.2        86.2        57.8     6.71626     1.49135
       85264          10         775       147.6       100.2     7.73453     1.47305
       85264         100      7766.4      1272.8         883     8.79547     1.44145
----------------------------------------------------------------------------------------------------
       94864           1        84.8        40.6        24.6     3.44715     1.65041
       94864           5       436.8        96.8        65.4      6.6789     1.48012
       94864          10       841.8         169       112.6     7.47602     1.50089
       94864         100      8749.8      1423.4       982.6     8.90474     1.44861
----------------------------------------------------------------------------------------------------
      104976           1        96.4        45.6        27.8     3.46763     1.64029
      104976           5         480       107.8          72     6.66667     1.49722
      104976          10         946       189.2       124.4      7.6045      1.5209
      104976         100      9431.6      1611.2        1094     8.62121     1.47276
----------------------------------------------------------------------------------------------------
      115600           1         104        50.2          31     3.35484     1.61935
      115600           5       522.2         122        80.4     6.49502     1.51741
      115600          10      1047.8       204.6       138.8     7.54899     1.47406
      115600         100       10525      1792.8      1203.8     8.74315     1.48928
----------------------------------------------------------------------------------------------------
      126736           1       115.8        55.8        34.8     3.32759     1.60345
      126736           5       584.8       131.6          88     6.64545     1.49545
      126736          10      1166.4       226.6         152     7.67368     1.49079
      126736         100     11695.8        1898      1313.2     8.90634     1.44532
----------------------------------------------------------------------------------------------------
      138384           1       128.6          61        37.4      3.4385     1.63102
      138384           5         643       144.4          96     6.69792     1.50417
      138384          10      1277.6       250.4         166     7.69639     1.50843
      138384         100       12841      2135.6      1437.4     8.93349     1.48574
----------------------------------------------------------------------------------------------------
      150544           1       136.4          67        41.8     3.26316     1.60287
      150544           5         682       155.4       104.4     6.53257     1.48851
      150544          10      1362.2       267.8         181     7.52597     1.47956
      150544         100     13749.8        2253      1559.2      8.8185     1.44497
----------------------------------------------------------------------------------------------------
      163216           1         148        72.8        46.4     3.18966     1.56897
      163216           5       734.8       172.4       114.6     6.41187     1.50436
      163216          10      1468.4       292.8       196.6     7.46897     1.48932
      163216         100     14801.4        2478      1693.4     8.74064     1.46333
----------------------------------------------------------------------------------------------------
      176400           1       159.6        79.2          51     3.12941     1.55294
      176400           5       799.6         181       124.4     6.42765     1.45498
      176400          10      1598.2       321.2       212.6      7.5174     1.51082
      176400         100       15993      2686.6      1830.6     8.73648     1.46761
----------------------------------------------------------------------------------------------------
      190096           1       173.2        84.8        54.4     3.18382     1.55882
      190096           5       873.4       197.8       132.6     6.58673      1.4917
      190096          10      1738.6       337.2         229     7.59214     1.47249
      190096         100     17457.4      2915.2      1979.6     8.81865     1.47262
----------------------------------------------------------------------------------------------------
      204304           1       185.2        91.4          58      3.1931     1.57586
      204304           5       921.6       217.6       143.2     6.43575     1.51955
      204304          10      1852.4       380.2       245.2     7.55465     1.55057
      204304         100     18465.2      3125.2        2119     8.71411     1.47485
----------------------------------------------------------------------------------------------------
      219024           1       201.2          99          64     3.14375     1.54688
      219024           5      1008.8       227.4       152.8     6.60209     1.48822
      219024          10        1996       392.8       266.4     7.49249     1.47447
      219024         100     19893.4      3383.4      2275.6     8.74205     1.48682
----------------------------------------------------------------------------------------------------
      234256           1       212.6         107        67.6     3.14497     1.58284
      234256           5      1061.6         248       164.2     6.46529     1.51035
      234256          10      2142.8       420.6       283.4     7.56104     1.48412
      234256         100     21388.2        3605      2441.6     8.75991     1.47649
----------------------------------------------------------------------------------------------------
      250000           1         230         114        71.4     3.22129     1.59664
      250000           5      1149.4         263       171.6     6.69814     1.53263
      250000          10      2294.8         456       303.2      7.5686     1.50396
      250000         100     23016.8        3935      2614.6     8.80318     1.50501
----------------------------------------------------------------------------------------------------
