Running jacobi_stencil using 5 cores
    # blocks      Repeat      OpenMP         TBB    Taskflow    speedup1    speedup2
====================================================================================================
          16           1           0           0           0        -nan        -nan
          16           5           0           0           0        -nan        -nan
          16          10           0           0           0        -nan        -nan
          16         100           2           0           1           2           0
----------------------------------------------------------------------------------------------------
         400           1           0           0           0        -nan        -nan
         400           5         2.4           0           0         inf        -nan
         400          10         5.8           1         1.8     3.22222    0.555556
         400         100        61.2           9         6.4      9.5625     1.40625
----------------------------------------------------------------------------------------------------
        1296           1         1.4         0.4         6.6    0.212121   0.0606061
        1296           5           9         1.2         1.4     6.42857    0.857143
        1296          10          19           3         4.6     4.13043    0.652174
        1296         100       198.8          25        11.4     17.4386     2.19298
----------------------------------------------------------------------------------------------------
        2704           1         7.2         1.2           6         1.2         0.2
        2704           5          20           4         4.6     4.34783    0.869565
        2704          10        40.2           7         4.8       8.375     1.45833
        2704         100       415.2        48.6        21.8     19.0459     2.22936
----------------------------------------------------------------------------------------------------
        4624           1         6.4           4         6.4           1       0.625
        4624           5        34.4         6.2         4.8     7.16667     1.29167
        4624          10        70.6          12         3.4     20.7647     3.52941
        4624         100       709.4        80.2        34.8     20.3851      2.3046
----------------------------------------------------------------------------------------------------
        7056           1        12.6         3.2         5.8     2.17241    0.551724
        7056           5        53.6          10           3     17.8667     3.33333
        7056          10       109.4          16           5       21.88         3.2
        7056         100      1084.4       113.6        51.4     21.0973     2.21012
----------------------------------------------------------------------------------------------------
       10000           1          15         5.2         5.2     2.88462           1
       10000           5        76.4          13           4        19.1        3.25
       10000          10       155.4        21.2         7.2     21.5833     2.94444
       10000         100      1527.6         162          70     21.8229     2.31429
----------------------------------------------------------------------------------------------------
       13456           1          20         6.8           4           5         1.7
       13456           5       103.4        17.2         5.4     19.1481     3.18519
       13456          10       205.6        27.6        10.4     19.7692     2.65385
       13456         100      2038.8       218.4        93.6     21.7821     2.33333
----------------------------------------------------------------------------------------------------
       17424           1        26.2         9.2         3.4     7.70588     2.70588
       17424           5       133.6        21.2         7.2     18.5556     2.94444
       17424          10       266.2        34.6        13.4     19.8657     2.58209
       17424         100      2646.2         298       120.8     21.9056     2.46689
----------------------------------------------------------------------------------------------------
       21904           1        32.6        11.2         3.6     9.05556     3.11111
       21904           5       168.2        25.8         9.4     17.8936     2.74468
       21904          10         335          44          17     19.7059     2.58824
       21904         100      3386.4       363.8       151.4     22.3672     2.40291
----------------------------------------------------------------------------------------------------
       26896           1        39.8          14         5.2     7.65385     2.69231
       26896           5       207.4          31          12     17.2833     2.58333
       26896          10       413.6        53.2        21.4     19.3271     2.48598
       26896         100        4116         436         185     22.2486     2.35676
----------------------------------------------------------------------------------------------------
       32400           1        48.8          16           6     8.13333     2.66667
       32400           5         247        36.8          16     15.4375         2.3
       32400          10       498.4        63.8        27.2     18.3235     2.34559
       32400         100      5009.8       533.2       225.6     22.2066     2.36348
----------------------------------------------------------------------------------------------------
       38416           1        57.8        18.2           7     8.25714         2.6
       38416           5       296.8        43.4        18.8     15.7872     2.30851
       38416          10       593.4        72.6        31.6     18.7785     2.29747
       38416         100      5964.8       645.8       268.2     22.2401      2.4079
----------------------------------------------------------------------------------------------------
       44944           1        68.4        20.2         8.6     7.95349     2.34884
       44944           5       345.8        49.8        22.2     15.5766     2.24324
       44944          10         691        86.8        37.8     18.2804      2.2963
       44944         100        6848       767.4       316.4     21.6435     2.42541
----------------------------------------------------------------------------------------------------
       51984           1        78.2        23.8        10.6     7.37736     2.24528
       51984           5       395.2        57.6        25.8     15.3178     2.23256
       51984          10       791.4        97.8        43.6     18.1514     2.24312
       51984         100      7966.6       872.2       368.2     21.6366     2.36882
----------------------------------------------------------------------------------------------------
       59536           1        92.4        25.6          12         7.7     2.13333
       59536           5       459.8        65.4        29.8     15.4295     2.19463
       59536          10       923.8         114        50.6     18.2569     2.25296
       59536         100      9297.6      1004.4       420.4     22.1161     2.38915
----------------------------------------------------------------------------------------------------
       67600           1       103.2        30.2        14.2     7.26761     2.12676
       67600           5       518.2        74.2          36     14.3944     2.06111
       67600          10      1021.2       130.6        58.8     17.3673     2.22109
       67600         100     10268.2      1135.6       480.8     21.3565      2.3619
----------------------------------------------------------------------------------------------------
       76176           1       116.8        33.6        16.6     7.03614      2.0241
       76176           5       581.2        84.2          40       14.53       2.105
       76176          10      1154.4       148.6          66     17.4909     2.25152
       76176         100     11532.4      1267.6         539     21.3959     2.35176
----------------------------------------------------------------------------------------------------
       85264           1       129.4        38.2        18.8     6.88298     2.03191
       85264           5         640        97.6        44.8     14.2857     2.17857
       85264          10      1288.2       164.6        74.2     17.3612     2.21833
       85264         100     12888.8        1435       603.6     21.3532      2.3774
----------------------------------------------------------------------------------------------------
       94864           1       144.2        43.2        21.4     6.73832     2.01869
       94864           5       717.8         105        49.8     14.4137     2.10843
       94864          10      1438.8         179          82     17.5463     2.18293
       94864         100     14375.8      1631.6       672.8     21.3671     2.42509
----------------------------------------------------------------------------------------------------
      104976           1       158.2          48        24.2     6.53719     1.98347
      104976           5       790.4       118.4        54.6     14.4762      2.1685
      104976          10      1580.4       201.4        91.6     17.2533     2.19869
      104976         100     15928.6      1729.8       742.8      21.444     2.32876
----------------------------------------------------------------------------------------------------
      115600           1         173        52.4        26.6     6.50376     1.96992
      115600           5       876.4         127        62.6          14     2.02875
      115600          10      1746.6       221.6       101.4     17.2249      2.1854
      115600         100     17580.2      1905.4       821.8     21.3923     2.31857
----------------------------------------------------------------------------------------------------
      126736           1       190.4        60.6        30.6     6.22222     1.98039
      126736           5       957.2       140.2        68.2     14.0352     2.05572
      126736          10      1913.2       243.4         111      17.236     2.19279
      126736         100     19008.2        2093       893.6     21.2715     2.34221
----------------------------------------------------------------------------------------------------
      138384           1       208.8          63        33.6     6.21429       1.875
      138384           5      1043.2       153.8        74.2     14.0593     2.07278
      138384          10      2109.8       265.4       121.6     17.3503     2.18257
      138384         100     20763.6        2284       978.8     21.2133     2.33347
----------------------------------------------------------------------------------------------------
      150544           1       225.8        69.2        36.8     6.13587     1.88043
      150544           5      1133.2       166.8          81     13.9901     2.05926
      150544          10      2274.2       289.6       132.4     17.1767     2.18731
      150544         100       22970      2488.2      1066.6     21.5357     2.33283
----------------------------------------------------------------------------------------------------
      163216           1       246.6        75.6        41.6     5.92788     1.81731
      163216           5      1242.4       181.6        89.4     13.8971     2.03132
      163216          10        2451       315.8       145.2     16.8802     2.17493
      163216         100       24772      2696.2      1152.8     21.4885     2.33883
----------------------------------------------------------------------------------------------------
      176400           1       266.6        82.2          45     5.92444     1.82667
      176400           5      1330.2       196.6        94.6     14.0613     2.07822
      176400          10      2669.8       340.2         155     17.2245     2.19484
      176400         100     26577.6      2922.4      1245.2      21.344     2.34693
----------------------------------------------------------------------------------------------------
      190096           1         287        89.8        47.6     6.02941     1.88655
      190096           5      1433.6       212.4       103.4     13.8646     2.05416
      190096          10      2886.8       366.6       168.6     17.1222     2.17438
      190096         100       28887        3141        1344     21.4933     2.33705
----------------------------------------------------------------------------------------------------
      204304           1       310.6        97.6          54     5.75185     1.80741
      204304           5      1542.6       230.4         113     13.6513     2.03894
      204304          10        3086       397.6       181.6     16.9934     2.18943
      204304         100     30602.6      3407.2      1440.2     21.2489     2.36578
----------------------------------------------------------------------------------------------------
      219024           1       333.6       103.2        57.8     5.77163     1.78547
      219024           5      1658.2       246.6       119.8     13.8414     2.05843
      219024          10      3313.4         424         195     16.9918     2.17436
      219024         100     33188.2      3630.4        1545      21.481     2.34977
----------------------------------------------------------------------------------------------------
      234256           1       352.8         112        61.2     5.76471     1.83007
      234256           5      1772.8       261.6       127.2     13.9371      2.0566
      234256          10        3555         452         205     17.3415     2.20488
      234256         100     35566.8      3871.4      1650.2      21.553     2.34602
----------------------------------------------------------------------------------------------------
      250000           1       376.4       117.8        63.2      5.9557     1.86392
      250000           5      1887.2       281.6       132.6     14.2323     2.12368
      250000          10      3780.6       483.8         220     17.1845     2.19909
      250000         100     37814.4      4134.8      1770.6     21.3568     2.33525
----------------------------------------------------------------------------------------------------
