Running jacobi_stencil using 4 cores
    # blocks      Repeat      OpenMP         TBB    Taskflow    speedup1    speedup2
====================================================================================================
          16           1           0           0           0        -nan        -nan
          16           5           0           0         2.8           0           0
          16          10         0.2           0           0         inf        -nan
          16         100           2           0         0.8         2.5           0
----------------------------------------------------------------------------------------------------
         400           1           0           0           0        -nan        -nan
         400           5           2           0         1.8     1.11111           0
         400          10           5           1         2.6     1.92308    0.384615
         400         100          53           9           6     8.83333         1.5
----------------------------------------------------------------------------------------------------
        1296           1           1         0.4         6.4     0.15625      0.0625
        1296           5         8.2         1.6         4.8     1.70833    0.333333
        1296          10        16.8           3         5.6           3    0.535714
        1296         100       173.2        25.4        12.6      13.746     2.01587
----------------------------------------------------------------------------------------------------
        2704           1           3         1.2         4.2    0.714286    0.285714
        2704           5          17           4         4.8     3.54167    0.833333
        2704          10        35.6           7         4.8     7.41667     1.45833
        2704         100       350.4        47.6        24.8      14.129     1.91935
----------------------------------------------------------------------------------------------------
        4624           1         5.6           2         6.4       0.875      0.3125
        4624           5        29.8           6         5.2     5.73077     1.15385
        4624          10        60.4          11           4        15.1        2.75
        4624         100       611.8        79.8          39     15.6872     2.04615
----------------------------------------------------------------------------------------------------
        7056           1         8.4         3.4           4         2.1        0.85
        7056           5        45.6          10         3.6     12.6667     2.77778
        7056          10        91.2          16           6        15.2     2.66667
        7056         100       919.6       118.4        57.2     16.0769     2.06993
----------------------------------------------------------------------------------------------------
       10000           1        12.8           6         4.2     3.04762     1.42857
       10000           5        63.8          13           4       15.95        3.25
       10000          10       128.8        21.4         8.6     14.9767     2.48837
       10000         100      1299.4       159.6        78.4      16.574     2.03571
----------------------------------------------------------------------------------------------------
       13456           1          17         6.2           4        4.25        1.55
       13456           5          88        16.2           6     14.6667         2.7
       13456          10       174.2          26        11.2     15.5536     2.32143
       13456         100      1770.2       218.4         104     17.0212         2.1
----------------------------------------------------------------------------------------------------
       17424           1        22.2         9.2         3.4     6.52941     2.70588
       17424           5         111        20.4           8      13.875        2.55
       17424          10       221.4        34.4          15       14.76     2.29333
       17424         100      2215.4       280.2         134     16.5328     2.09104
----------------------------------------------------------------------------------------------------
       21904           1          28        11.2         3.8     7.36842     2.94737
       21904           5       140.2        25.2        10.4     13.4808     2.42308
       21904          10       280.2        43.4        18.8     14.9043     2.30851
       21904         100      2800.8       364.2       169.8     16.4947     2.14488
----------------------------------------------------------------------------------------------------
       26896           1          34        13.2           5         6.8        2.64
       26896           5       172.4        30.4          14     12.3143     2.17143
       26896          10       344.2        51.2        23.8     14.4622     2.15126
       26896         100      3462.2       435.2       208.6     16.5973     2.08629
----------------------------------------------------------------------------------------------------
       32400           1          41        15.4         6.2      6.6129     2.48387
       32400           5       206.2        36.4          18     11.4556     2.02222
       32400          10       414.8          63        29.6     14.0135     2.12838
       32400         100      4178.8       519.6       256.8     16.2726     2.02336
----------------------------------------------------------------------------------------------------
       38416           1        48.8          18         7.6     6.42105     2.36842
       38416           5       244.6        42.4        20.4     11.9902     2.07843
       38416          10       489.6        72.8        35.6     13.7528     2.04494
       38416         100      4978.6       634.6       307.8     16.1748     2.06173
----------------------------------------------------------------------------------------------------
       44944           1        57.2        20.2         9.4     6.08511     2.14894
       44944           5         287        49.2        24.6     11.6667           2
       44944          10         575        85.8        42.4     13.5613     2.02358
       44944         100      5738.6       733.8       362.8     15.8175      2.0226
----------------------------------------------------------------------------------------------------
       51984           1        67.8        22.6        10.8     6.27778     2.09259
       51984           5         340        55.4        29.2     11.6438     1.89726
       51984          10       677.8        97.6        49.4     13.7206     1.97571
       51984         100      6810.8       843.2       420.8     16.1854      2.0038
----------------------------------------------------------------------------------------------------
       59536           1        76.6        25.6        12.6     6.07937     2.03175
       59536           5       381.8        63.6        34.2     11.1637     1.85965
       59536          10       765.4       114.4          58     13.1966     1.97241
       59536         100        7667         980       485.6     15.7887     2.01812
----------------------------------------------------------------------------------------------------
       67600           1        89.4          29        15.2     5.88158     1.90789
       67600           5       447.2        71.2        39.2     11.4082     1.81633
       67600          10       895.2       125.2          65     13.7723     1.92615
       67600         100      8965.8      1117.4       553.8     16.1896      2.0177
----------------------------------------------------------------------------------------------------
       76176           1        99.2        32.8        17.4     5.70115     1.88506
       76176           5       494.6        79.8          44     11.2409     1.81364
       76176          10         990         146        72.8     13.5989     2.00549
       76176         100      9915.2      1264.4         619     16.0181     2.04265
----------------------------------------------------------------------------------------------------
       85264           1       111.4        37.2        20.2     5.51485     1.84158
       85264           5       557.2        93.6        48.8      11.418     1.91803
       85264          10      1111.4       161.8        83.2     13.3582     1.94471
       85264         100     11137.4      1403.6       695.4     16.0158     2.01841
----------------------------------------------------------------------------------------------------
       94864           1       122.6        41.8        22.4     5.47321     1.86607
       94864           5       610.8       103.6          55     11.1055     1.88364
       94864          10        1222       183.4        92.2     13.2538     1.98915
       94864         100     12237.4      1556.2       773.8     15.8147     2.01111
----------------------------------------------------------------------------------------------------
      104976           1       135.4        46.8          26     5.20769         1.8
      104976           5       673.4       111.6          62     10.8613         1.8
      104976          10      1344.4         200       102.2     13.1546     1.95695
      104976         100     13560.4      1711.2       860.4     15.7606     1.98884
----------------------------------------------------------------------------------------------------
      115600           1         148        51.8        29.8     4.96644     1.73826
      115600           5       739.2         128        67.8     10.9027     1.88791
      115600          10        1478       221.6       113.4     13.0335     1.95414
      115600         100     14824.4      1862.8         945     15.6872     1.97122
----------------------------------------------------------------------------------------------------
      126736           1       159.6        56.6        32.6     4.89571      1.7362
      126736           5         793       140.4          74     10.7162      1.8973
      126736          10      1588.4       240.6       124.6      12.748     1.93098
      126736         100       15946        2108      1033.4     15.4306     2.03987
----------------------------------------------------------------------------------------------------
      138384           1         178        62.6        35.6           5     1.75843
      138384           5       878.8       151.4        82.4      10.665     1.83738
      138384          10      1768.6         260         137     12.9095     1.89781
      138384         100     17603.2        2223      1132.2     15.5478     1.96343
----------------------------------------------------------------------------------------------------
      150544           1       188.8        68.4        39.4     4.79188     1.73604
      150544           5       946.8       165.8        89.8     10.5434     1.84633
      150544          10      1898.2         291       149.6     12.6885     1.94519
      150544         100       18891      2419.4        1226     15.4086     1.97341
----------------------------------------------------------------------------------------------------
      163216           1       204.4        75.2        42.2      4.8436     1.78199
      163216           5      1025.2       176.4          97     10.5691     1.81856
      163216          10        2056       311.6       161.8      12.707     1.92583
      163216         100     20617.4      2700.4      1330.2     15.4995     2.03007
----------------------------------------------------------------------------------------------------
      176400           1       220.6        79.4        47.2     4.67373      1.6822
      176400           5        1104       198.6       105.2     10.4943     1.88783
      176400          10      2216.6       334.2       174.6     12.6953     1.91409
      176400         100     22289.4        2865      1442.4      15.453     1.98627
----------------------------------------------------------------------------------------------------
      190096           1       241.4        87.2        51.4      4.6965      1.6965
      190096           5      1206.6       209.8       113.8     10.6028     1.84359
      190096          10      2394.2         361       188.6     12.6946      1.9141
      190096         100       24084      3133.6      1552.6      15.512     2.01829
----------------------------------------------------------------------------------------------------
      204304           1       259.6          94        55.2      4.7029      1.7029
      204304           5      1291.8         224         122     10.5885     1.83607
      204304          10        2584       390.4       202.2     12.7794     1.93076
      204304         100     25622.4      3347.2      1664.4     15.3944     2.01106
----------------------------------------------------------------------------------------------------
      219024           1       274.4         105        60.2     4.55814     1.74419
      219024           5      1375.4         244       131.8     10.4355     1.85129
      219024          10      2751.8       430.2       219.4     12.5424      1.9608
      219024         100     27497.4      3647.8      1783.4     15.4185     2.04542
----------------------------------------------------------------------------------------------------
      234256           1       292.8         108        63.6     4.60377     1.69811
      234256           5      1439.8       257.6       138.8     10.3732     1.85591
      234256          10      2924.8         437       230.8     12.6724     1.89341
      234256         100     29472.4      3839.2        1915     15.3903      2.0048
----------------------------------------------------------------------------------------------------
      250000           1       313.2       119.6        67.2     4.66071     1.77976
      250000           5        1555       277.8         149     10.4362     1.86443
      250000          10      3131.8       473.6       248.4     12.6079      1.9066
      250000         100       31336      4090.4      2055.2     15.2472     1.99027
----------------------------------------------------------------------------------------------------
