Running jacobi_stencil using 14 cores
    # blocks      Repeat      OpenMP         TBB    Taskflow    speedup1    speedup2
====================================================================================================
          16           1         0.6           0         1.2         0.5           0
          16           5         0.6           0           1         0.6           0
          16          10           0           0         0.4           0           0
          16         100         5.6           0         2.8           2           0
----------------------------------------------------------------------------------------------------
         400           1           1           0         2.8    0.357143           0
         400           5           8           0           1           8           0
         400          10        16.4           1         6.4      2.5625     0.15625
         400         100       162.8          11         9.2     17.6957     1.19565
----------------------------------------------------------------------------------------------------
        1296           1           5           0        13.2    0.378788           0
        1296           5          26           2         4.6     5.65217    0.434783
        1296          10        53.2           4         6.2     8.58065    0.645161
        1296         100       525.6        28.8        11.2     46.9286     2.57143
----------------------------------------------------------------------------------------------------
        2704           1        10.6         1.4         7.6     1.39474    0.184211
        2704           5          55           4         7.2     7.63889    0.555556
        2704          10       109.6           8         5.8     18.8966     1.37931
        2704         100      1105.6        54.4        16.6     66.6024     3.27711
----------------------------------------------------------------------------------------------------
        4624           1        18.6           3         6.6     2.81818    0.454545
        4624           5        97.2           8         5.4          18     1.48148
        4624          10       190.8          14           3        63.6     4.66667
        4624         100      1900.2          91        22.2     85.5946      4.0991
----------------------------------------------------------------------------------------------------
        7056           1        28.6         4.2         6.8     4.20588    0.617647
        7056           5       143.8          12           2        71.9           6
        7056          10       288.6          19           4       72.15        4.75
        7056         100        2897       133.4        30.2     95.9272     4.41722
----------------------------------------------------------------------------------------------------
       10000           1        40.6         6.2         6.8     5.97059    0.911765
       10000           5       204.4          16           3     68.1333     5.33333
       10000          10       409.6        25.2           5       81.92        5.04
       10000         100      4099.8         189        39.6      103.53     4.77273
----------------------------------------------------------------------------------------------------
       13456           1        54.8         8.2         4.8     11.4167     1.70833
       13456           5       275.4          20           4       68.85           5
       13456          10       550.8        32.4         6.8          81     4.76471
       13456         100      5498.2         252        51.2     107.387     4.92188
----------------------------------------------------------------------------------------------------
       17424           1        70.4        11.2           3     23.4667     3.73333
       17424           5       354.6          25           5       70.92           5
       17424          10       712.8          41           8        89.1       5.125
       17424         100      7124.2       325.2          63     113.083      5.1619
----------------------------------------------------------------------------------------------------
       21904           1        89.8        14.2         3.2     28.0625      4.4375
       21904           5         448        30.8         6.6     67.8788     4.66667
       21904          10       897.2          50        10.2     87.9608     4.90196
       21904         100      8992.2       406.6        76.6     117.392     5.30809
----------------------------------------------------------------------------------------------------
       26896           1       110.6          17           4       27.65        4.25
       26896           5       555.6        36.2         8.2     67.7561     4.41463
       26896          10        1098        60.8        12.2          90     4.98361
       26896         100       11007         496        92.8      118.61     5.34483
----------------------------------------------------------------------------------------------------
       32400           1       133.2        19.2         5.4     24.6667     3.55556
       32400           5         670        42.6         9.4     71.2766     4.53191
       32400          10      1328.6        72.2        17.8     74.6404     4.05618
       32400         100     13216.8         607       110.6     119.501     5.48825
----------------------------------------------------------------------------------------------------
       38416           1       158.6        22.2         6.4     24.7812     3.46875
       38416           5       790.2          50        12.8     61.7344     3.90625
       38416          10      1565.2        86.8        19.4     80.6804     4.47423
       38416         100     15842.8       714.2       129.6     122.244      5.5108
----------------------------------------------------------------------------------------------------
       44944           1       184.8          25           8        23.1       3.125
       44944           5       915.2        58.4        15.6     58.6667     3.74359
       44944          10      1836.2        99.4        23.2     79.1466     4.28448
       44944         100     18277.8       844.4       152.4     119.933     5.54068
----------------------------------------------------------------------------------------------------
       51984           1       216.6          28         9.2     23.5435     3.04348
       51984           5        1074        65.6        17.4     61.7241     3.77011
       51984          10      2140.4       113.6        25.8     82.9612      4.4031
       51984         100     21318.4       971.8       175.2      121.68      5.5468
----------------------------------------------------------------------------------------------------
       59536           1       247.8        31.2        10.6     23.3774      2.9434
       59536           5      1216.4        75.2          21     57.9238     3.58095
       59536          10      2421.8       129.4        31.8     76.1572     4.06918
       59536         100     24599.8      1123.8       198.8     123.741     5.65292
----------------------------------------------------------------------------------------------------
       67600           1       281.8        35.4        12.4     22.7258     2.85484
       67600           5        1408          86          25       56.32        3.44
       67600          10      2773.4         149          35       79.24     4.25714
       67600         100     28080.4      1266.8       226.8     123.811     5.58554
----------------------------------------------------------------------------------------------------
       76176           1       316.6          40        14.6     21.6849     2.73973
       76176           5      1565.6        97.8        27.6     56.7246     3.54348
       76176          10      3146.8         168        39.8     79.0653     4.22111
       76176         100     31366.4      1439.6       253.4     123.782     5.68114
----------------------------------------------------------------------------------------------------
       85264           1       354.6        45.4        16.2     21.8889     2.80247
       85264           5      1766.6       110.4          31     56.9871     3.56129
       85264          10        3546       190.2        43.6     81.3303     4.36239
       85264         100     35155.6      1619.6         283     124.225     5.72297
----------------------------------------------------------------------------------------------------
       94864           1       393.4        50.4        18.2     21.6154     2.76923
       94864           5      1936.6         121        34.6     55.9711     3.49711
       94864          10      3885.8       212.6        48.6     79.9547     4.37449
       94864         100     38736.8      1811.4       314.8     123.052     5.75413
----------------------------------------------------------------------------------------------------
      104976           1       435.2        55.6          20       21.76        2.78
      104976           5        2176       135.8        37.8     57.5661     3.59259
      104976          10      4304.6       232.8        55.4     77.7004     4.20217
      104976         100     42761.6      1973.4         347     123.232     5.68703
----------------------------------------------------------------------------------------------------
      115600           1       481.2        61.8        22.4     21.4821     2.75893
      115600           5      2370.8       147.8          43     55.1349     3.43721
      115600          10      4746.2       256.2        60.4     78.5795     4.24172
      115600         100     47439.8      2188.2       382.4     124.058     5.72228
----------------------------------------------------------------------------------------------------
      126736           1         522        67.8        25.4     20.5512     2.66929
      126736           5      2613.8       164.8        46.6     56.0901     3.53648
      126736          10      5156.2       281.2        65.8     78.3617     4.27356
      126736         100     51877.8      2404.8       415.8     124.766     5.78355
----------------------------------------------------------------------------------------------------
      138384           1         573        73.6        27.6     20.7609     2.66667
      138384           5      2840.8       179.8        51.6     55.0543      3.4845
      138384          10      5699.8       307.2        71.8     79.3844     4.27855
      138384         100     56422.6      2671.8       456.4     123.625     5.85408
----------------------------------------------------------------------------------------------------
      150544           1       616.6        82.4        30.4     20.2829     2.71053
      150544           5      3084.2       195.2        57.2     53.9196     3.41259
      150544          10      6183.6       335.2        78.8     78.4721     4.25381
      150544         100     61601.6      2899.8         495     124.448     5.85818
----------------------------------------------------------------------------------------------------
      163216           1       675.2          90        34.6     19.5145     2.60116
      163216           5      3347.6       212.4          61     54.8787     3.48197
      163216          10      6721.6         364        86.2     77.9768     4.22274
      163216         100     66304.8      3132.6         537     123.473     5.83352
----------------------------------------------------------------------------------------------------
      176400           1         724        98.4        36.8     19.6739     2.67391
      176400           5      3619.4       230.6          68     53.2265     3.39118
      176400          10      7198.8       390.6        92.2     78.0781     4.23644
      176400         100     72331.8      3378.4       579.8     124.753     5.82684
----------------------------------------------------------------------------------------------------
      190096           1       788.2       105.2        40.4     19.5099     2.60396
      190096           5      3909.4         250        71.4     54.7535      3.5014
      190096          10      7830.2       423.2          99     79.0929     4.27475
      190096         100     77977.6      3661.4       624.6     124.844     5.86199
----------------------------------------------------------------------------------------------------
      204304           1       845.8         115        43.6     19.3991     2.63761
      204304           5      4196.4       266.2        76.6     54.7833      3.4752
      204304          10      8352.6       457.2         105     79.5486     4.35429
      204304         100     84368.8        3887         675     124.991     5.75852
----------------------------------------------------------------------------------------------------
      219024           1       908.4       118.6        47.4     19.1646     2.50211
      219024           5      4493.6       283.8        80.6     55.7519     3.52109
      219024          10        8907         489         111     80.2432     4.40541
      219024         100     89868.8      4129.6       713.6     125.937       5.787
----------------------------------------------------------------------------------------------------
      234256           1       957.6       127.8        49.8     19.2289     2.56627
      234256           5      4815.8       302.8        84.2     57.1948      3.5962
      234256          10        9619         522       117.6     81.7942     4.43878
      234256         100     96295.4      4500.6       761.2     126.505     5.91251
----------------------------------------------------------------------------------------------------
      250000           1      1032.4       136.6        51.8     19.9305     2.63707
      250000           5      5136.8       321.8          88     58.3727     3.65682
      250000          10       10180       553.8       127.4     79.9058     4.34694
      250000         100      102718      4796.6       813.6     126.252     5.89553
----------------------------------------------------------------------------------------------------
