Running jacobi_stencil using 10 cores
    # blocks      Repeat      OpenMP         TBB    Taskflow    speedup1    speedup2
====================================================================================================
          16           1         5.4           0           0         inf        -nan
          16           5           0           0           0        -nan        -nan
          16          10           0           0           0        -nan        -nan
          16         100           4           0           1           4           0
----------------------------------------------------------------------------------------------------
         400           1           1           0           0         inf        -nan
         400           5           5           0        10.2    0.490196           0
         400          10        10.8           1          10        1.08         0.1
         400         100       109.8          11         8.2     13.3902     1.34146
----------------------------------------------------------------------------------------------------
        1296           1           3         0.4         7.6    0.394737   0.0526316
        1296           5        17.4           2         7.4     2.35135     0.27027
        1296          10        35.2           4           8         4.4         0.5
        1296         100         359        27.2         9.2     39.0217     2.95652
----------------------------------------------------------------------------------------------------
        2704           1           7         1.4         7.8    0.897436    0.179487
        2704           5        36.8           4         5.8     6.34483    0.689655
        2704          10        74.6           8           5       14.92         1.6
        2704         100         741        52.6          17     43.5882     3.09412
----------------------------------------------------------------------------------------------------
        4624           1        12.2         2.2         8.6      1.4186    0.255814
        4624           5        63.6           7         5.6     11.3571        1.25
        4624          10       126.4          13         2.8     45.1429     4.64286
        4624         100      1274.8          88          23     55.4261     3.82609
----------------------------------------------------------------------------------------------------
        7056           1        18.8           4         7.8     2.41026    0.512821
        7056           5        97.4          11           2        48.7         5.5
        7056          10       195.2          18         4.2     46.4762     4.28571
        7056         100      1952.4         130        33.4     58.4551     3.89222
----------------------------------------------------------------------------------------------------
       10000           1          27         5.4         5.8     4.65517    0.931034
       10000           5       137.2        15.4           3     45.7333     5.13333
       10000          10       273.4          24         5.4     50.6296     4.44444
       10000         100      2750.4       184.8          45       61.12     4.10667
----------------------------------------------------------------------------------------------------
       13456           1        36.4         7.8         4.8     7.58333       1.625
       13456           5       183.8          19           4       45.95        4.75
       13456          10       371.2        30.8           7     53.0286         4.4
       13456         100        3714       241.6        58.4     63.5959     4.13699
----------------------------------------------------------------------------------------------------
       17424           1        48.2        10.2           3     16.0667         3.4
       17424           5       240.8          24         5.2     46.3077     4.61538
       17424          10       482.8        39.4         9.2     52.4783     4.28261
       17424         100      4813.4         314          73      65.937     4.30137
----------------------------------------------------------------------------------------------------
       21904           1        60.4        13.2           3     20.1333         4.4
       21904           5       304.2        29.4           7     43.4571         4.2
       21904          10       606.6        48.8          12       50.55     4.06667
       21904         100      5996.6       389.8        98.8     60.6943     3.94534
----------------------------------------------------------------------------------------------------
       26896           1        74.4          16           4        18.6           4
       26896           5         372        34.6         9.2     40.4348     3.76087
       26896          10       742.4        58.4        15.2     48.8421     3.84211
       26896         100      7444.2       487.6       117.6      63.301     4.14626
----------------------------------------------------------------------------------------------------
       32400           1        89.8        18.2         5.6     16.0357        3.25
       32400           5         449          41          11     40.8182     3.72727
       32400          10       891.8        68.4        18.2          49     3.75824
       32400         100      8903.8       580.4         131     67.9679     4.43053
----------------------------------------------------------------------------------------------------
       38416           1       106.8        20.6         6.8     15.7059     3.02941
       38416           5       528.2        48.2        13.8     38.2754     3.49275
       38416          10      1062.2        81.2        21.4     49.6355     3.79439
       38416         100     10637.8       685.8         158     67.3278     4.34051
----------------------------------------------------------------------------------------------------
       44944           1       125.8        23.2           8      15.725         2.9
       44944           5       616.6          55        16.2     38.0617     3.39506
       44944          10      1230.6        95.2          26     47.3308     3.66154
       44944         100     12265.4       821.8         186      65.943     4.41828
----------------------------------------------------------------------------------------------------
       51984           1       144.6        26.2         9.2     15.7174     2.84783
       51984           5       721.2        62.2        19.2     37.5625     3.23958
       51984          10      1427.4       110.6        31.6     45.1709         3.5
       51984         100       14381       939.2       215.8     66.6404     4.35218
----------------------------------------------------------------------------------------------------
       59536           1       165.8        29.4          11     15.0727     2.67273
       59536           5         824          72        22.8     36.1404     3.15789
       59536          10      1640.2       124.4          35     46.8629     3.55429
       59536         100     16451.2      1114.4       246.4     66.7662     4.52273
----------------------------------------------------------------------------------------------------
       67600           1       188.2        32.6        12.4     15.1774     2.62903
       67600           5       942.8        82.8          26     36.2615     3.18462
       67600          10      1899.2       143.2        39.8     47.7186     3.59799
       67600         100       18624        1242         279     66.7527     4.45161
----------------------------------------------------------------------------------------------------
       76176           1         211        37.2        14.8     14.2568     2.51351
       76176           5      1056.4        92.6        30.4       34.75     3.04605
       76176          10      2107.8       161.4        45.6     46.2237     3.53947
       76176         100       20933      1374.2       312.8     66.9214     4.39322
----------------------------------------------------------------------------------------------------
       85264           1       237.8        42.6        16.4        14.5     2.59756
       85264           5      1183.4       104.6        34.6     34.2023     3.02312
       85264          10      2354.4       180.8        49.4     47.6599     3.65992
       85264         100     23852.4      1574.8         350     68.1497     4.49943
----------------------------------------------------------------------------------------------------
       94864           1       264.6        47.2        18.8     14.0745     2.51064
       94864           5      1308.4       115.4        37.4      34.984     3.08556
       94864          10      2613.6       201.2        55.2     47.3478     3.64493
       94864         100     26109.8      1725.2       387.4     67.3975     4.45328
----------------------------------------------------------------------------------------------------
      104976           1       292.8        53.4        20.6     14.2136     2.59223
      104976           5      1442.6       128.6        42.8     33.7056     3.00467
      104976          10      2917.6       223.6        62.2     46.9068     3.59486
      104976         100       28858      1920.2         432     66.8009     4.44491
----------------------------------------------------------------------------------------------------
      115600           1         321        58.6          23     13.9565     2.54783
      115600           5      1594.8         142          47     33.9319     3.02128
      115600          10      3180.6       246.6        69.4       45.83     3.55331
      115600         100     31974.4      2180.2       472.4      67.685     4.61516
----------------------------------------------------------------------------------------------------
      126736           1       350.2        64.2        26.6     13.1654     2.41353
      126736           5      1745.2       155.8        50.8     34.3543     3.06693
      126736          10        3486       273.2        75.2     46.3564     3.63298
      126736         100     34809.4      2296.8         516     67.4601     4.45116
----------------------------------------------------------------------------------------------------
      138384           1       387.8        70.8        28.6     13.5594     2.47552
      138384           5      1912.8       172.8        56.4     33.9149     3.06383
      138384          10      3828.6         296          81     47.2667     3.65432
      138384         100       37915      2523.4       563.2     67.3207     4.48047
----------------------------------------------------------------------------------------------------
      150544           1       416.8        77.2          32      13.025      2.4125
      150544           5      2064.6       185.6        63.8     32.3605     2.90909
      150544          10      4112.8       324.6        89.4     46.0045     3.63087
      150544         100     41571.2      2770.6       612.2     67.9046     4.52565
----------------------------------------------------------------------------------------------------
      163216           1       454.2        85.8        35.4     12.8305     2.42373
      163216           5      2238.2       205.8        65.6     34.1189      3.1372
      163216          10      4442.8       346.4        98.2     45.2424     3.52749
      163216         100     44952.8        3064       665.8      67.517     4.60198
----------------------------------------------------------------------------------------------------
      176400           1         492        90.4        39.6     12.4242     2.28283
      176400           5      2433.2       220.2        72.2     33.7008     3.04986
      176400          10      4840.2         380         106     45.6623     3.58491
      176400         100     48110.4        3254       721.8     66.6534     4.50817
----------------------------------------------------------------------------------------------------
      190096           1       529.2        99.8          42        12.6     2.37619
      190096           5      2603.4       236.2        76.8     33.8984     3.07552
      190096          10      5191.6       412.2         112     46.3536     3.68036
      190096         100     52629.4      3542.2       780.6     67.4217     4.53779
----------------------------------------------------------------------------------------------------
      204304           1       567.8         109        46.6     12.1845     2.33906
      204304           5      2819.2       254.8        83.2     33.8846      3.0625
      204304          10      5635.6       441.6       120.6     46.7297     3.66169
      204304         100       56248      3792.2       831.2     67.6708     4.56232
----------------------------------------------------------------------------------------------------
      219024           1       608.2       113.2        49.2     12.3618     2.30081
      219024           5      3011.4         277        88.2     34.1429     3.14059
      219024          10      5954.8       474.2       129.8     45.8767     3.65331
      219024         100     60376.2      4099.4       893.8       67.55     4.58648
----------------------------------------------------------------------------------------------------
      234256           1       648.8         122        53.2     12.1955     2.29323
      234256           5        3229       294.8        93.2     34.6459     3.16309
      234256          10      6438.4       502.4       138.8     46.3862      3.6196
      234256         100     64096.4      4379.4       952.8     67.2716     4.59635
----------------------------------------------------------------------------------------------------
      250000           1       689.4       132.6        56.2     12.2669     2.35943
      250000           5        3424         314        99.2     34.5161     3.16532
      250000          10      6899.2       532.4       145.8     47.3196     3.65158
      250000         100     69169.4      4589.6      1017.6     67.9731     4.51022
----------------------------------------------------------------------------------------------------
