Running jacobi_stencil using 7 cores
    # blocks      Repeat      OpenMP         TBB    Taskflow    speedup1    speedup2
====================================================================================================
          16           1           0           0         0.2           0           0
          16           5           0           0           0        -nan        -nan
          16          10           0           0         9.4           0           0
          16         100         2.4           0         9.6        0.25           0
----------------------------------------------------------------------------------------------------
         400           1           0           0           1           0           0
         400           5         4.4         0.2         3.4     1.29412   0.0588235
         400          10           7           1         8.4    0.833333    0.119048
         400         100        76.2           9         6.2     12.2903     1.45161
----------------------------------------------------------------------------------------------------
        1296           1           2           0        11.4    0.175439           0
        1296           5          12         1.4         7.2     1.66667    0.194444
        1296          10        24.6           3         6.8     3.61765    0.441176
        1296         100       245.6        25.6          10       24.56        2.56
----------------------------------------------------------------------------------------------------
        2704           1         4.8         1.2         9.6         0.5       0.125
        2704           5        25.6           4         6.6     3.87879    0.606061
        2704          10        51.6           7           5       10.32         1.4
        2704         100       516.6        49.2        18.6     27.7742     2.64516
----------------------------------------------------------------------------------------------------
        4624           1         8.4           4         6.4      1.3125       0.625
        4624           5          43         6.6           5         8.6        1.32
        4624          10        88.6          12           3     29.5333           4
        4624         100       887.8        80.4        27.6     32.1667     2.91304
----------------------------------------------------------------------------------------------------
        7056           1        12.6         3.2         7.2        1.75    0.444444
        7056           5        67.2          10         2.6     25.8462     3.84615
        7056          10       134.6          16           4       33.65           4
        7056         100      1341.8       121.4        38.8     34.5825     3.12887
----------------------------------------------------------------------------------------------------
       10000           1        18.8         5.2         4.8     3.91667     1.08333
       10000           5        95.8          14           3     31.9333     4.66667
       10000          10       193.6          22           6     32.2667     3.66667
       10000         100      1910.8       167.8        52.4     36.4656     3.20229
----------------------------------------------------------------------------------------------------
       13456           1        25.8         7.2           4        6.45         1.8
       13456           5       129.8        17.2           4       32.45         4.3
       13456          10       258.6        28.8           8      32.325         3.6
       13456         100        2584       227.2        68.6     37.6676     3.31195
----------------------------------------------------------------------------------------------------
       17424           1          33         9.2         3.2     10.3125       2.875
       17424           5       166.8        21.6           6        27.8         3.6
       17424          10       335.6          36        10.2      32.902     3.52941
       17424         100      3350.2         295        87.6     38.2443     3.36758
----------------------------------------------------------------------------------------------------
       21904           1        41.8        12.2           3     13.9333     4.06667
       21904           5       210.4        26.4         7.4     28.4324     3.56757
       21904          10       423.4          45        13.2     32.0758     3.40909
       21904         100      4210.2         367       108.4     38.8395     3.38561
----------------------------------------------------------------------------------------------------
       26896           1        51.6          14           4        12.9         3.5
       26896           5       258.4          32          10       25.84         3.2
       26896          10       521.2        54.4        17.2     30.3023     3.16279
       26896         100      5138.8       450.4         142     36.1887     3.17183
----------------------------------------------------------------------------------------------------
       32400           1          62        16.2         5.2     11.9231     3.11538
       32400           5       309.8        37.4        11.8     26.2542     3.16949
       32400          10         623        63.8        20.2     30.8416     3.15842
       32400         100      6280.6       543.4       164.4     38.2032     3.30535
----------------------------------------------------------------------------------------------------
       38416           1        74.4        18.4         6.6     11.2727     2.78788
       38416           5         367        44.2        14.8     24.7973     2.98649
       38416          10         738        76.2          25       29.52       3.048
       38416         100      7394.6       649.8       196.4     37.6507     3.30855
----------------------------------------------------------------------------------------------------
       44944           1        86.4        21.2           8        10.8        2.65
       44944           5       433.8          51        18.4     23.5761     2.77174
       44944          10         857        88.8        29.2     29.3493      3.0411
       44944         100      8618.2         757         228     37.7991     3.32018
----------------------------------------------------------------------------------------------------
       51984           1       100.8        23.4         9.4     10.7234     2.48936
       51984           5       499.6        58.6        22.2     22.5045     2.63964
       51984          10       996.8         101          34     29.3176     2.97059
       51984         100      9864.2       876.4       265.8     37.1114     3.29722
----------------------------------------------------------------------------------------------------
       59536           1       116.6        26.6        11.2     10.4107       2.375
       59536           5       578.2          66        25.2     22.9444     2.61905
       59536          10      1160.2         116          39     29.7487     2.97436
       59536         100     11314.2        1009         304     37.2178     3.31908
----------------------------------------------------------------------------------------------------
       67600           1       130.4        30.2        13.2     9.87879     2.28788
       67600           5       644.6        76.2        30.2     21.3444     2.52318
       67600          10      1277.6       129.8        44.2      28.905     2.93665
       67600         100       12896      1143.4       343.4     37.5539     3.32964
----------------------------------------------------------------------------------------------------
       76176           1       147.4          34        14.8     9.95946      2.2973
       76176           5       731.2        84.4        34.2     21.3801     2.46784
       76176          10      1473.4       150.2          52     28.3346     2.88846
       76176         100     14749.8      1300.4       388.6     37.9563     3.34637
----------------------------------------------------------------------------------------------------
       85264           1       165.4        38.2        16.6     9.96386      2.3012
       85264           5       811.6        94.8        37.8     21.4709     2.50794
       85264          10        1640       168.2        57.6     28.4722     2.92014
       85264         100     16367.6        1453       432.6     37.8354     3.35876
----------------------------------------------------------------------------------------------------
       94864           1       186.2        44.4        19.6         9.5     2.26531
       94864           5       920.6         110        41.6     22.1298     2.64423
       94864          10      1838.8       191.2        64.6     28.4644     2.95975
       94864         100       18041        1653       484.8     37.2133     3.40965
----------------------------------------------------------------------------------------------------
      104976           1       204.2        49.6        22.2      9.1982     2.23423
      104976           5         990       123.6        46.2     21.4286     2.67532
      104976          10      1994.2       211.6        72.8     27.3929     2.90659
      104976         100       20087      1836.2       536.8     37.4199     3.42064
----------------------------------------------------------------------------------------------------
      115600           1       221.2        53.8          25       8.848       2.152
      115600           5      1109.6       135.4          53     20.9358     2.55472
      115600          10      2216.6       235.2        79.2     27.9874      2.9697
      115600         100       22166      2029.8       592.8      37.392     3.42409
----------------------------------------------------------------------------------------------------
      126736           1       246.8        61.6        28.6     8.62937     2.15385
      126736           5        1213       146.2        56.6     21.4311     2.58304
      126736          10      2415.8       255.8        87.4     27.6407     2.92677
      126736         100     24295.2      2216.6       643.2     37.7724     3.44621
----------------------------------------------------------------------------------------------------
      138384           1       267.8          66        30.6     8.75163     2.15686
      138384           5      1318.6       162.6        62.2     21.1994     2.61415
      138384          10      2661.6       280.6        96.2     27.6674     2.91684
      138384         100     26357.8      2433.2       706.2     37.3234     3.44548
----------------------------------------------------------------------------------------------------
      150544           1       293.4        72.6          34     8.62941     2.13529
      150544           5      1446.4       177.8        68.4     21.1462     2.59942
      150544          10        2877       305.2         103      27.932     2.96311
      150544         100     28649.4        2638       767.4     37.3331     3.43758
----------------------------------------------------------------------------------------------------
      163216           1       318.4        80.2        37.8     8.42328     2.12169
      163216           5      1560.6       191.4        73.6     21.2038     2.60054
      163216          10      3110.8       331.2       114.6     27.1449     2.89005
      163216         100       31174      2872.4       831.4     37.4958      3.4549
----------------------------------------------------------------------------------------------------
      176400           1       337.4          86        41.8     8.07177     2.05742
      176400           5      1671.4       206.4        79.4     21.0504      2.5995
      176400          10        3370       359.6         122      27.623     2.94754
      176400         100     33837.2      3093.2       893.4     37.8746     3.46228
----------------------------------------------------------------------------------------------------
      190096           1         364          90        44.2     8.23529      2.0362
      190096           5      1821.4       223.2        86.2     21.1299     2.58933
      190096          10      3611.2       386.8       131.8     27.3991     2.93475
      190096         100     36618.2      3335.2       968.2     37.8209     3.44474
----------------------------------------------------------------------------------------------------
      204304           1       390.6       100.8        48.4     8.07025     2.08264
      204304           5        1962       242.4        93.4     21.0064     2.59529
      204304          10      3889.2       419.2         142     27.3887     2.95211
      204304         100       39270      3603.6      1035.6       37.92     3.47972
----------------------------------------------------------------------------------------------------
      219024           1       427.2       106.8          52     8.21538     2.05385
      219024           5      2053.4         261        99.2     20.6996     2.63105
      219024          10      4140.2       450.2       151.2     27.3823     2.97751
      219024         100     41726.4      3832.2      1104.8     37.7683     3.46868
----------------------------------------------------------------------------------------------------
      234256           1       440.4       112.4        55.2     7.97826     2.03623
      234256           5      2206.8       275.2       106.4     20.7406     2.58647
      234256          10      4410.6       475.8       160.2     27.5318     2.97004
      234256         100     44288.4      4109.2      1187.8     37.2861      3.4595
----------------------------------------------------------------------------------------------------
      250000           1       481.6       123.8        58.4     8.24658     2.11986
      250000           5      2367.4       295.4       111.8     21.1753     2.64222
      250000          10      4775.8         511         168     28.4274     3.04167
      250000         100     47317.4      4377.6        1266     37.3755     3.45782
----------------------------------------------------------------------------------------------------
