Running jacobi_stencil using 6 cores
    # blocks      Repeat      OpenMP         TBB    Taskflow    speedup1    speedup2
====================================================================================================
          16           1           0           0           0        -nan        -nan
          16           5           0           0           0        -nan        -nan
          16          10           0           0           0        -nan        -nan
          16         100         4.6           0         1.6       2.875           0
----------------------------------------------------------------------------------------------------
         400           1           0           0           0        -nan        -nan
         400           5           3           0           0         inf        -nan
         400          10           6           1         8.8    0.681818    0.113636
         400         100        66.6           9           6        11.1         1.5
----------------------------------------------------------------------------------------------------
        1296           1           4           0        10.2    0.392157           0
        1296           5        10.2         1.6         4.8       2.125    0.333333
        1296          10        21.6           3           6         3.6         0.5
        1296         100       221.6        25.4        10.6     20.9057     2.39623
----------------------------------------------------------------------------------------------------
        2704           1           4           1         8.4     0.47619    0.119048
        2704           5        22.6           4         5.4     4.18519    0.740741
        2704          10        45.4           7         4.6     9.86957     1.52174
        2704         100       456.4        48.4        22.2     20.5586     2.18018
----------------------------------------------------------------------------------------------------
        4624           1         8.6         2.2         5.4     1.59259    0.407407
        4624           5        38.2         6.6         4.8     7.95833       1.375
        4624          10        77.4          12           3        25.8           4
        4624         100       774.6        79.2        30.8     25.1494     2.57143
----------------------------------------------------------------------------------------------------
        7056           1        11.2         3.2         6.2     1.80645    0.516129
        7056           5          59          10         2.8     21.0714     3.57143
        7056          10       118.8        16.6           5       23.76        3.32
        7056         100      1186.4       121.2          45     26.3644     2.69333
----------------------------------------------------------------------------------------------------
       10000           1        15.8         5.2         5.4     2.92593    0.962963
       10000           5        83.6        13.4         3.4     24.5882     3.94118
       10000          10       167.2        21.2         6.6     25.3333     3.21212
       10000         100      1673.2         168        60.8     27.5197     2.76316
----------------------------------------------------------------------------------------------------
       13456           1        22.2           7           4        5.55        1.75
       13456           5       112.8          17           5       22.56         3.4
       13456          10         228        28.6           9     25.3333     3.17778
       13456         100      2262.8       226.6        79.8     28.3559      2.8396
----------------------------------------------------------------------------------------------------
       17424           1        28.8         9.2           3         9.6     3.06667
       17424           5       146.6        21.6         6.2     23.6452     3.48387
       17424          10       289.8          36          11     26.3455     3.27273
       17424         100      2923.6         293       101.4     28.8323     2.88955
----------------------------------------------------------------------------------------------------
       21904           1          36        11.4           3          12         3.8
       21904           5       184.8        26.2           8        23.1       3.275
       21904          10       368.4        44.2        14.2     25.9437     3.11268
       21904         100      3649.6         359       125.6     29.0573     2.85828
----------------------------------------------------------------------------------------------------
       26896           1        45.2          14           4        11.3         3.5
       26896           5       226.2          31          10       22.62         3.1
       26896          10       453.2        53.8        18.6     24.3656     2.89247
       26896         100      4519.4         447       153.8     29.3849     2.90637
----------------------------------------------------------------------------------------------------
       32400           1        54.8          16         5.4     10.1481     2.96296
       32400           5       270.8          37        13.4      20.209     2.76119
       32400          10         543        62.8        22.2     24.4595     2.82883
       32400         100      5432.6         542         188     28.8968     2.88298
----------------------------------------------------------------------------------------------------
       38416           1        65.2        18.6           7     9.31429     2.65714
       38416           5       324.6        43.6        17.6     18.4432     2.47727
       38416          10       645.4          75        27.6     23.3841     2.71739
       38416         100      6498.8       639.6       224.8     28.9093      2.8452
----------------------------------------------------------------------------------------------------
       44944           1          75          21         8.2     9.14634     2.56098
       44944           5       372.4          50        20.2     18.4356     2.47525
       44944          10       751.8        86.8        32.4     23.2037     2.67901
       44944         100      7593.2       750.8       263.4     28.8276     2.85042
----------------------------------------------------------------------------------------------------
       51984           1        88.8        23.2         9.8     9.06122     2.36735
       51984           5       438.8        57.4        23.8      18.437     2.41176
       51984          10         871       100.8        37.6     23.1649     2.68085
       51984         100      8917.8         880       305.6     29.1813     2.87958
----------------------------------------------------------------------------------------------------
       59536           1        99.8        26.8        11.4     8.75439     2.35088
       59536           5       501.8        65.8        28.6     17.5455      2.3007
       59536          10      1000.8         116        44.2     22.6425     2.62443
       59536         100     10082.2        1003       351.4     28.6915      2.8543
----------------------------------------------------------------------------------------------------
       67600           1       116.4        29.4        13.8     8.43478     2.13043
       67600           5       571.2          74        32.6     17.5215     2.26994
       67600          10      1153.6       131.2        49.2     23.4472     2.66667
       67600         100     11465.8      1136.8         396      28.954     2.87071
----------------------------------------------------------------------------------------------------
       76176           1       129.4        33.4          16      8.0875      2.0875
       76176           5       637.6        85.2        36.8     17.3261     2.31522
       76176          10      1273.4       147.2        56.8      22.419     2.59155
       76176         100     12680.4      1278.6         446     28.4314     2.86682
----------------------------------------------------------------------------------------------------
       85264           1       142.6        38.6          18     7.92222     2.14444
       85264           5       713.8        95.8          41     17.4098     2.33659
       85264          10      1437.6         165        64.8     22.1852      2.5463
       85264         100     14318.2      1427.4         500     28.6364      2.8548
----------------------------------------------------------------------------------------------------
       94864           1         160          43        21.4     7.47664     2.00935
       94864           5       794.6       110.8          46     17.2739      2.4087
       94864          10      1589.6       192.8        71.8     22.1393     2.68524
       94864         100     16118.4      1668.2       560.4     28.7623      2.9768
----------------------------------------------------------------------------------------------------
      104976           1         178        48.8          23     7.73913     2.12174
      104976           5         882       121.4        50.6     17.4308     2.39921
      104976          10      1749.6       212.6        79.2     22.0909     2.68434
      104976         100     17531.4        1843         615     28.5063     2.99675
----------------------------------------------------------------------------------------------------
      115600           1       193.6        54.6        25.2     7.68254     2.16667
      115600           5       952.2         135        55.6     17.1259     2.42806
      115600          10      1916.6       234.2        86.6     22.1316     2.70439
      115600         100     19161.6      2031.6       682.4     28.0797     2.97714
----------------------------------------------------------------------------------------------------
      126736           1       213.6        59.6        28.6     7.46853     2.08392
      126736           5      1056.2       147.4          62     17.0355     2.37742
      126736          10      2117.8       257.2        96.4     21.9689     2.66805
      126736         100     21117.2      2229.8       742.2     28.4522     3.00431
----------------------------------------------------------------------------------------------------
      138384           1       232.6          66        32.2      7.2236     2.04969
      138384           5        1151       163.4        66.8     17.2305     2.44611
      138384          10      2308.6       279.8       104.8     22.0286     2.66985
      138384         100     23690.8      2439.2       811.2     29.2046      3.0069
----------------------------------------------------------------------------------------------------
      150544           1       249.2        71.4          35        7.12        2.04
      150544           5      1245.2       175.8          72     17.2944     2.44167
      150544          10        2536       305.4         113     22.4425     2.70265
      150544         100     24943.6      2651.4       883.2     28.2423     3.00204
----------------------------------------------------------------------------------------------------
      163216           1       273.4        77.6        39.2     6.97449     1.97959
      163216           5      1384.4       191.4          80      17.305      2.3925
      163216          10      2722.4       331.4       125.8     21.6407     2.63434
      163216         100     27899.8      2880.2       959.2     29.0865     3.00271
----------------------------------------------------------------------------------------------------
      176400           1       300.8        85.2        42.6     7.06103           2
      176400           5      1491.4       208.2        85.2     17.5047     2.44366
      176400          10      2960.2       362.2       133.8     22.1241     2.70703
      176400         100     29292.6      3118.6      1032.6     28.3678     3.02014
----------------------------------------------------------------------------------------------------
      190096           1       317.6        91.8        45.8      6.9345     2.00437
      190096           5      1586.8       224.2          92     17.2478     2.43696
      190096          10      3171.2       388.6       144.8     21.9006      2.6837
      190096         100     32505.4      3343.6        1115     29.1528     2.99874
----------------------------------------------------------------------------------------------------
      204304           1       344.6        99.6        50.8     6.78346     1.96063
      204304           5      1700.4       240.8          99     17.1758     2.43232
      204304          10      3352.6       421.2         157     21.3541      2.6828
      204304         100     33842.8      3629.8      1191.6     28.4011     3.04616
----------------------------------------------------------------------------------------------------
      219024           1       367.6       106.8        54.2     6.78229     1.97048
      219024           5      1839.6         260       106.6      17.257     2.43902
      219024          10      3643.6       450.6       167.2     21.7919     2.69498
      219024         100       36881      3883.8      1275.8     28.9081     3.04421
----------------------------------------------------------------------------------------------------
      234256           1         392       116.2        57.8     6.78201     2.01038
      234256           5      1983.2       278.2       113.2     17.5194      2.4576
      234256          10      3871.8       480.4         179     21.6302      2.6838
      234256         100       39328      4126.4        1373     28.6438     3.00539
----------------------------------------------------------------------------------------------------
      250000           1       416.4       121.8        61.4     6.78176     1.98371
      250000           5      2045.8       294.8         121     16.9074     2.43636
      250000          10        4184       510.4       188.6     22.1845     2.70626
      250000         100     41649.2      4409.6      1461.6     28.4956     3.01697
----------------------------------------------------------------------------------------------------
