Running jacobi_stencil using 8 cores
    # blocks      Repeat      OpenMP         TBB    Taskflow    speedup1    speedup2
====================================================================================================
          16           1           0           0           1           0           0
          16           5           0           0         0.2           0           0
          16          10           0           0           0        -nan        -nan
          16         100         3.2           0         2.2     1.45455           0
----------------------------------------------------------------------------------------------------
         400           1           0           0        11.6           0           0
         400           5         4.2           0         9.2    0.456522           0
         400          10         8.8           1         9.6    0.916667    0.104167
         400         100        88.4          10         7.2     12.2778     1.38889
----------------------------------------------------------------------------------------------------
        1296           1         2.4           0        10.6    0.226415           0
        1296           5          14           2         7.4     1.89189     0.27027
        1296          10        28.4           3         7.2     3.94444    0.416667
        1296         100         286          26          10        28.6         2.6
----------------------------------------------------------------------------------------------------
        2704           1         5.2           1           7    0.742857    0.142857
        2704           5        29.6           4           6     4.93333    0.666667
        2704          10        59.2           7         4.8     12.3333     1.45833
        2704         100       594.4        50.2        17.8     33.3933     2.82022
----------------------------------------------------------------------------------------------------
        4624           1          10         2.2           9     1.11111    0.244444
        4624           5        50.6           7           5       10.12         1.4
        4624          10       101.6          12           3     33.8667           4
        4624         100      1012.4        82.6        28.4     35.6479     2.90845
----------------------------------------------------------------------------------------------------
        7056           1          17         3.2         7.6     2.23684    0.421053
        7056           5          77        10.2         2.2          35     4.63636
        7056          10       155.2          17           4        38.8        4.25
        7056         100      1533.8         125        39.4     38.9289     3.17259
----------------------------------------------------------------------------------------------------
       10000           1          21         5.2         5.8     3.62069    0.896552
       10000           5       109.2          14           3        36.4     4.66667
       10000          10       217.6        22.6           6     36.2667     3.76667
       10000         100        2153       176.4        53.2     40.4699     3.31579
----------------------------------------------------------------------------------------------------
       13456           1        28.8         7.2           4         7.2         1.8
       13456           5       147.8          18           4       36.95         4.5
       13456          10       291.4          29         8.2     35.5366     3.53659
       13456         100      2947.6         234        69.2     42.5954      3.3815
----------------------------------------------------------------------------------------------------
       17424           1        37.6         9.2           3     12.5333     3.06667
       17424           5       188.4          22           6        31.4     3.66667
       17424          10       381.4        36.6          10       38.14        3.66
       17424         100      3829.4       303.4        88.8     43.1239     3.41667
----------------------------------------------------------------------------------------------------
       21904           1        47.4        12.2           3        15.8     4.06667
       21904           5       239.8        27.2         7.4     32.4054     3.67568
       21904          10       477.4        46.4        13.6     35.1029     3.41176
       21904         100        4767       379.2         109     43.7339      3.4789
----------------------------------------------------------------------------------------------------
       26896           1        58.4        14.2           4        14.6        3.55
       26896           5       294.2        32.4         9.8     30.0204     3.30612
       26896          10       579.8        54.4        16.4     35.3537     3.31707
       26896         100      5890.2       463.6       133.4     44.1544     3.47526
----------------------------------------------------------------------------------------------------
       32400           1        70.4        16.4         5.2     13.5385     3.15385
       32400           5       354.8        38.6        12.4     28.6129      3.1129
       32400          10       710.6        66.4        21.2     33.5189     3.13208
       32400         100      7060.2       555.6       161.8     43.6354     3.43387
----------------------------------------------------------------------------------------------------
       38416           1        84.8          19         6.6     12.8485     2.87879
       38416           5         422          45        15.4     27.4026     2.92208
       38416          10       835.6        77.4          25      33.424       3.096
       38416         100      8529.6       671.6         196     43.5184     3.42653
----------------------------------------------------------------------------------------------------
       44944           1        99.6        21.4           8       12.45       2.675
       44944           5         486        52.4        18.2     26.7033     2.87912
       44944          10       989.8        91.4        29.2     33.8973     3.13014
       44944         100      9809.6       782.4       228.2     42.9869     3.42857
----------------------------------------------------------------------------------------------------
       51984           1         117        24.2         9.6     12.1875     2.52083
       51984           5       579.4        59.8        21.2     27.3302     2.82075
       51984          10      1152.8       103.8        33.6     34.3095     3.08929
       51984         100     11496.4       907.2       263.2     43.6793     3.44681
----------------------------------------------------------------------------------------------------
       59536           1       129.2        27.4          11     11.7455     2.49091
       59536           5       650.4        68.2        25.6     25.4062     2.66406
       59536          10      1312.4         119          40       32.81       2.975
       59536         100       12965      1048.2       301.8     42.9589     3.47316
----------------------------------------------------------------------------------------------------
       67600           1       151.6          31        12.8     11.8438     2.42188
       67600           5       753.6          78        28.6     26.3497     2.72727
       67600          10        1493       134.4          45     33.1778     2.98667
       67600         100     14827.6      1196.4       340.8     43.5082     3.51056
----------------------------------------------------------------------------------------------------
       76176           1       167.2        34.6        14.6     11.4521     2.36986
       76176           5       833.2          88        33.4     24.9461     2.63473
       76176          10      1653.8       153.6        50.2     32.9442     3.05976
       76176         100     16742.2      1338.4       383.6     43.6449     3.48905
----------------------------------------------------------------------------------------------------
       85264           1       189.2          40          17     11.1294     2.35294
       85264           5       931.6        98.6        36.8     25.3152     2.67935
       85264          10      1860.2       172.6        56.2     33.0996     3.07117
       85264         100     18643.8      1497.2       428.2     43.5399      3.4965
----------------------------------------------------------------------------------------------------
       94864           1       207.8        44.8        19.2     10.8229     2.33333
       94864           5      1039.2       109.6        40.4     25.7228     2.71287
       94864          10      2092.6       192.6        63.8     32.7994     3.01881
       94864         100     20641.6      1671.8       480.6     42.9496     3.47857
----------------------------------------------------------------------------------------------------
      104976           1       231.2        49.8        21.6     10.7037     2.30556
      104976           5      1148.2       122.8        44.6     25.7444     2.75336
      104976          10      2263.2       215.4        70.6     32.0567     3.05099
      104976         100     22926.4        1850       526.2     43.5697     3.51577
----------------------------------------------------------------------------------------------------
      115600           1       255.8        55.6        24.8     10.3145     2.24194
      115600           5      1249.8       136.6        50.6     24.6996      2.6996
      115600          10      2492.8       237.2        76.4     32.6283     3.10471
      115600         100       25554      2030.2       577.8     44.2264     3.51367
----------------------------------------------------------------------------------------------------
      126736           1       280.2          61        27.2     10.3015     2.24265
      126736           5      1373.2       148.6        55.8     24.6093     2.66308
      126736          10      2745.6       261.4        85.6     32.0748     3.05374
      126736         100       27902        2263       637.2     43.7884     3.55148
----------------------------------------------------------------------------------------------------
      138384           1       303.4        66.2          30     10.1133     2.20667
      138384           5      1501.6       162.8        60.6     24.7789     2.68647
      138384          10      3017.2       284.4        92.4     32.6537     3.07792
      138384         100     30281.6      2467.8       694.2     43.6209     3.55488
----------------------------------------------------------------------------------------------------
      150544           1       329.8        72.4        32.8     10.0549     2.20732
      150544           5      1644.6       177.6        65.8     24.9939     2.69909
      150544          10      3282.6       306.4         101      32.501     3.03366
      150544         100     32720.2      2644.2       747.6      43.767     3.53692
----------------------------------------------------------------------------------------------------
      163216           1       360.6        79.2        36.6     9.85246     2.16393
      163216           5        1784       193.6          72     24.7778     2.68889
      163216          10      3552.6       334.4       110.4     32.1793     3.02899
      163216         100     35529.6      2898.6       818.8     43.3923     3.54006
----------------------------------------------------------------------------------------------------
      176400           1       384.4        86.8        40.4     9.51485     2.14851
      176400           5      1918.2       209.8        77.2     24.8472     2.71762
      176400          10      3845.4       363.8       119.8     32.0985     3.03673
      176400         100       38482        3120       885.4     43.4628     3.52383
----------------------------------------------------------------------------------------------------
      190096           1         415        98.2        44.6     9.30493     2.20179
      190096           5      2080.2         226          85     24.4729     2.65882
      190096          10      4172.6       391.2       128.2     32.5476     3.05148
      190096         100       41545      3392.2         953     43.5939      3.5595
----------------------------------------------------------------------------------------------------
      204304           1       446.4       103.2        48.6     9.18519     2.12346
      204304           5      2243.4       246.2        91.8     24.4379     2.68192
      204304          10      4431.8       424.2       137.2     32.3017     3.09184
      204304         100     44818.4      3690.8      1014.8     44.1648     3.63697
----------------------------------------------------------------------------------------------------
      219024           1       477.2       109.8          52     9.17692     2.11154
      219024           5      2382.8       263.2        97.6     24.4139     2.69672
      219024          10      4751.4       458.4       147.4     32.2347     3.10991
      219024         100     47506.6      3938.4      1094.6     43.4009     3.59803
----------------------------------------------------------------------------------------------------
      234256           1       509.4         118        56.2     9.06406     2.09964
      234256           5      2557.8       282.4       102.6     24.9298     2.75244
      234256          10      5114.4       482.8       156.4     32.7008     3.08696
      234256         100     50740.6      4145.4      1172.6     43.2719     3.53522
----------------------------------------------------------------------------------------------------
      250000           1       544.6       123.4        59.8     9.10702     2.06355
      250000           5      2729.8       297.2         108     25.2759     2.75185
      250000          10      5484.8       515.6       165.8     33.0808     3.10977
      250000         100       54313        4415      1258.2     43.1672     3.50898
----------------------------------------------------------------------------------------------------
