Running jacobi_stencil using 9 cores
    # blocks      Repeat      OpenMP         TBB    Taskflow    speedup1    speedup2
====================================================================================================
          16           1         5.6           0         0.6     9.33333           0
          16           5           0           0           0        -nan        -nan
          16          10           0           0         3.6           0           0
          16         100         3.4           0         4.4    0.772727           0
----------------------------------------------------------------------------------------------------
         400           1           1           0         0.8        1.25           0
         400           5           5           0         5.2    0.961538           0
         400          10          10           0         5.2     1.92308           0
         400         100       101.2         2.2         7.6     13.3158    0.289474
----------------------------------------------------------------------------------------------------
        1296           1           3         0.4         3.8    0.789474    0.105263
        1296           5          16         0.4           7     2.28571   0.0571429
        1296          10        32.6           1          11     2.96364   0.0909091
        1296         100         328           9           7     46.8571     1.28571
----------------------------------------------------------------------------------------------------
        2704           1         6.6         1.2           5        1.32        0.24
        2704           5          34           1         9.2     3.69565    0.108696
        2704          10        68.2           2         7.4     9.21622     0.27027
        2704         100       678.6          28         8.8     77.1136     3.18182
----------------------------------------------------------------------------------------------------
        4624           1        11.2         1.6          10        1.12        0.16
        4624           5        60.8           3         8.4      7.2381    0.357143
        4624          10       117.4           4         6.6     17.7879    0.606061
        4624         100      1175.2        61.4        14.6     80.4932     4.20548
----------------------------------------------------------------------------------------------------
        7056           1        17.4         2.2         6.6     2.63636    0.333333
        7056           5        91.8           4         7.4     12.4054    0.540541
        7056          10         179           7         5.6     31.9643        1.25
        7056         100      1794.6         103        19.6     91.5612      5.2551
----------------------------------------------------------------------------------------------------
       10000           1        24.8         3.2         8.2     3.02439    0.390244
       10000           5       125.8           6         5.6     22.4643     1.07143
       10000          10       250.8         9.2         4.8       52.25     1.91667
       10000         100        2539       149.2          27      94.037     5.52593
----------------------------------------------------------------------------------------------------
       13456           1        33.4         5.2           7     4.77143    0.742857
       13456           5         171           8         4.8      35.625     1.66667
       13456          10       339.4          13           4       84.85        3.25
       13456         100      3385.4       208.8        33.6     100.756     6.21429
----------------------------------------------------------------------------------------------------
       17424           1        46.6         6.2         5.6     8.32143     1.10714
       17424           5         220          11         3.2       68.75      3.4375
       17424          10         440          21         5.8     75.8621     3.62069
       17424         100      4366.6         279        41.4     105.473     6.73913
----------------------------------------------------------------------------------------------------
       21904           1        55.4         8.2         4.6     12.0435     1.78261
       21904           5       275.6          14         4.2      65.619     3.33333
       21904          10         553        31.6           7          79     4.51429
       21904         100      5535.8       359.6          51     108.545     7.05098
----------------------------------------------------------------------------------------------------
       26896           1        69.6        10.2           3        23.2         3.4
       26896           5       339.8          21         5.2     65.3462     4.03846
       26896          10       684.2        43.4         8.4     81.4524     5.16667
       26896         100      6786.6         443          61     111.256      7.2623
----------------------------------------------------------------------------------------------------
       32400           1        82.6        12.2           4       20.65        3.05
       32400           5       412.6        29.4         6.8     60.6765     4.32353
       32400          10       820.4        55.2        10.4     78.8846     5.30769
       32400         100      8312.2       538.4          71     117.073      7.5831
----------------------------------------------------------------------------------------------------
       38416           1        99.6          15         4.8       20.75       3.125
       38416           5         487        38.6           8      60.875       4.825
       38416          10       977.4        70.2        12.2     80.1148      5.7541
       38416         100      9804.8       631.8          81     121.047         7.8
----------------------------------------------------------------------------------------------------
       44944           1       113.6        18.6           6     18.9333         3.1
       44944           5         569        47.6         9.4     60.5319     5.06383
       44944          10      1140.8        83.4        14.2      80.338     5.87324
       44944         100     11399.6       741.2        90.4     126.102     8.19912
----------------------------------------------------------------------------------------------------
       51984           1         134        23.4           7     19.1429     3.34286
       51984           5       664.2          57        11.2     59.3036     5.08929
       51984          10      1335.4         100        15.8      84.519     6.32911
       51984         100       13316       864.6       101.2     131.581     8.54348
----------------------------------------------------------------------------------------------------
       59536           1         149        27.6           8      18.625        3.45
       59536           5       747.4        66.2        12.4     60.2742     5.33871
       59536          10      1512.6       112.4          19     79.6105     5.91579
       59536         100     14910.8       999.8       109.6     136.047     9.12226
----------------------------------------------------------------------------------------------------
       67600           1       172.2        31.2         9.4     18.3191     3.31915
       67600           5       858.8        74.4          15     57.2533        4.96
       67600          10      1708.6       131.4        21.2     80.5943     6.19811
       67600         100     17259.4      1111.8       120.4      143.35     9.23422
----------------------------------------------------------------------------------------------------
       76176           1       195.2        35.2        11.2     17.4286     3.14286
       76176           5         952        84.6        17.6     54.0909     4.80682
       76176          10      1903.8       146.6        23.2     82.0603     6.31897
       76176         100     19343.6      1274.4       134.6     143.712     9.46805
----------------------------------------------------------------------------------------------------
       85264           1       216.8          40        12.4     17.4839     3.22581
       85264           5      1090.6          95        19.4     56.2165     4.89691
       85264          10      2164.4       163.2        26.8     80.7612     6.08955
       85264         100     21409.4      1391.8       149.4     143.303     9.31593
----------------------------------------------------------------------------------------------------
       94864           1         241        44.4        13.8     17.4638     3.21739
       94864           5      1186.2         107          22     53.9182     4.86364
       94864          10      2380.2       185.2        30.2     78.8146     6.13245
       94864         100       24144        1557       169.2     142.695     9.20213
----------------------------------------------------------------------------------------------------
      104976           1       268.4        49.8          16      16.775      3.1125
      104976           5      1342.6       119.2        24.6     54.5772     4.84553
      104976          10      2645.2       202.2        34.4     76.8953     5.87791
      104976         100     26334.4        1736       192.4     136.873     9.02287
----------------------------------------------------------------------------------------------------
      115600           1       293.6        54.4        17.4     16.8736     3.12644
      115600           5        1474       130.8          28     52.6429     4.67143
      115600          10      2931.8       221.8        37.8     77.5608     5.86772
      115600         100     29209.2      1881.6       215.4     135.604     8.73538
----------------------------------------------------------------------------------------------------
      126736           1       323.2        60.8        19.4     16.6598     3.13402
      126736           5      1606.8       144.6        31.6     50.8481     4.57595
      126736          10      3195.2       248.8        42.8     74.6542     5.81308
      126736         100     31841.8      2067.8       237.6     134.014     8.70286
----------------------------------------------------------------------------------------------------
      138384           1       352.4        66.2        21.4     16.4673     3.09346
      138384           5      1757.8       155.2        34.2     51.3977     4.53801
      138384          10      3467.6       267.8          47     73.7787     5.69787
      138384         100     34780.6      2272.8       259.4     134.081     8.76176
----------------------------------------------------------------------------------------------------
      150544           1       384.6        73.4        23.6     16.2966     3.11017
      150544           5      1906.2         172        38.8     49.1289     4.43299
      150544          10      3800.2       290.8        51.8     73.3629      5.6139
      150544         100     37853.4      2464.2       289.4       130.8     8.51486
----------------------------------------------------------------------------------------------------
      163216           1       416.2        76.8        26.2     15.8855      2.9313
      163216           5      2076.6       187.8        42.2     49.2085     4.45024
      163216          10      4136.8       312.6          58     71.3241     5.38966
      163216         100     41276.4      2669.8       317.4     130.045     8.41147
----------------------------------------------------------------------------------------------------
      176400           1         457        86.8        28.2     16.2057     3.07801
      176400           5      2238.8       203.2        46.6     48.0429     4.36052
      176400          10      4427.8       341.4        62.4     70.9583     5.47115
      176400         100     44703.8      2913.8       346.6     128.978     8.40681
----------------------------------------------------------------------------------------------------
      190096           1         490        94.6          32     15.3125     2.95625
      190096           5        2358       215.4        50.6     46.6008     4.25692
      190096          10      4832.8         372          67     72.1313     5.55224
      190096         100     48407.6      3147.8       372.6     129.918      8.4482
----------------------------------------------------------------------------------------------------
      204304           1       520.8       102.6        34.2     15.2281           3
      204304           5      2591.2       234.4        54.6     47.4579     4.29304
      204304          10        5146       400.2        72.6     70.8815      5.5124
      204304         100       51919      3399.4       403.2     128.767     8.43105
----------------------------------------------------------------------------------------------------
      219024           1       555.6         107          37     15.0162     2.89189
      219024           5      2780.2       252.6          59      47.122     4.28136
      219024          10      5477.6       433.2        77.6     70.5876     5.58247
      219024         100     55178.4      3575.4       432.4      127.61     8.26873
----------------------------------------------------------------------------------------------------
      234256           1       589.2         118        39.6     14.8788      2.9798
      234256           5      2937.6       264.8        62.6     46.9265     4.23003
      234256          10      5890.4       457.4        82.8     71.1401     5.52415
      234256         100     58687.2        3823       458.4     128.026     8.33988
----------------------------------------------------------------------------------------------------
      250000           1       631.4       122.4          42     15.0333     2.91429
      250000           5      3144.6       289.2          66     47.6455     4.38182
      250000          10        6314       483.8        87.4     72.2426     5.53547
      250000         100     62581.2      4135.2       494.6     126.529      8.3607
----------------------------------------------------------------------------------------------------
