Running jacobi_stencil using 11 cores
    # blocks      Repeat      OpenMP         TBB    Taskflow    speedup1    speedup2
====================================================================================================
          16           1         2.6           0           1         2.6           0
          16           5           0           0           0        -nan        -nan
          16          10           0           0         4.6           0           0
          16         100           4           0         5.8    0.689655           0
----------------------------------------------------------------------------------------------------
         400           1           1           0         2.6    0.384615           0
         400           5         6.4           0         2.6     2.46154           0
         400          10          12           0         8.2     1.46341           0
         400         100         124         2.2         8.4     14.7619    0.261905
----------------------------------------------------------------------------------------------------
        1296           1         3.4         0.2         3.2      1.0625      0.0625
        1296           5        19.2         0.2          10        1.92        0.02
        1296          10        41.8           1         9.2     4.54348    0.108696
        1296         100       394.8           9         5.8      68.069     1.55172
----------------------------------------------------------------------------------------------------
        2704           1           8           1           8           1       0.125
        2704           5        41.6           1           9     4.62222    0.111111
        2704          10        82.4           2         9.4     8.76596    0.212766
        2704         100         836        28.4         8.4     99.5238     3.38095
----------------------------------------------------------------------------------------------------
        4624           1          14         1.2         8.6     1.62791    0.139535
        4624           5          71           3         6.6     10.7576    0.454545
        4624          10       141.6           4         6.2     22.8387    0.645161
        4624         100      1401.2        61.8          12     116.767        5.15
----------------------------------------------------------------------------------------------------
        7056           1          22         2.2          10         2.2        0.22
        7056           5       107.6           4         7.2     14.9444    0.555556
        7056          10       215.6           7         5.8     37.1724      1.2069
        7056         100        2145         105        15.6       137.5     6.73077
----------------------------------------------------------------------------------------------------
       10000           1        29.6         3.2         8.4     3.52381    0.380952
       10000           5       152.6           6         6.2     24.6129    0.967742
       10000          10       303.2          10         4.2     72.1905     2.38095
       10000         100        3062       154.2          21      145.81     7.34286
----------------------------------------------------------------------------------------------------
       13456           1        43.4         5.2           7         6.2    0.742857
       13456           5       206.2           8           5       41.24         1.6
       13456          10       408.8          13         3.6     113.556     3.61111
       13456         100      4119.8       211.4        27.2     151.463     7.77206
----------------------------------------------------------------------------------------------------
       17424           1          53         6.2         5.6     9.46429     1.10714
       17424           5         265          11         3.6     73.6111     3.05556
       17424          10       532.8        21.4           5      106.56        4.28
       17424         100      5277.8       276.2        33.4     158.018     8.26946
----------------------------------------------------------------------------------------------------
       21904           1        67.6         8.2         4.2     16.0952     1.95238
       21904           5       332.2          14           4       83.05         3.5
       21904          10       674.4          32           6       112.4     5.33333
       21904         100      6707.2         356        44.4     151.063     8.01802
----------------------------------------------------------------------------------------------------
       26896           1        81.2        10.2           3     27.0667         3.4
       26896           5       415.2          21           5       83.04         4.2
       26896          10         822        43.8           7     117.429     6.25714
       26896         100        8120       442.6        44.2      183.71     10.0136
----------------------------------------------------------------------------------------------------
       32400           1        99.2        12.4           4        24.8         3.1
       32400           5         496        29.8           6     82.6667     4.96667
       32400          10         996        56.4         8.4     118.571     6.71429
       32400         100       10000       531.4        51.4     194.553     10.3385
----------------------------------------------------------------------------------------------------
       38416           1       118.6        15.4         4.8     24.7083     3.20833
       38416           5         582        38.6           7     83.1429     5.51429
       38416          10      1176.2        70.6        10.2     115.314     6.92157
       38416         100       11591       633.2        58.4     198.476     10.8425
----------------------------------------------------------------------------------------------------
       44944           1       138.8        18.8         5.6     24.7857     3.35714
       44944           5       680.4        47.4         8.6     79.1163     5.51163
       44944          10      1363.4          85        12.2     111.754     6.96721
       44944         100     13702.8       726.6          66     207.618     11.0091
----------------------------------------------------------------------------------------------------
       51984           1       159.6        23.6           7        22.8     3.37143
       51984           5         789        56.4        10.2     77.3529     5.52941
       51984          10      1599.4        98.4        13.8     115.899     7.13043
       51984         100     15640.8         851        74.4     210.226     11.4382
----------------------------------------------------------------------------------------------------
       59536           1       183.2        28.2           8        22.9       3.525
       59536           5         911        66.4        11.6     78.5345     5.72414
       59536          10      1826.8       113.6        15.6     117.103     7.28205
       59536         100       17954       960.2        81.4     220.565     11.7961
----------------------------------------------------------------------------------------------------
       67600           1       207.2        31.2         9.4     22.0426     3.31915
       67600           5      1031.6        74.8        13.4     76.9851     5.58209
       67600          10        2082       130.2        18.2     114.396     7.15385
       67600         100     20540.8      1117.2        90.4     227.221     12.3584
----------------------------------------------------------------------------------------------------
       76176           1       236.2        35.6        10.8     21.8704      3.2963
       76176           5      1177.2        85.4        15.6     75.4615     5.47436
       76176          10        2315       149.2        21.2     109.198     7.03774
       76176         100     23360.2      1233.6       100.6     232.209     12.2624
----------------------------------------------------------------------------------------------------
       85264           1       261.4          41        12.6      20.746     3.25397
       85264           5      1305.6        94.4        17.8     73.3483     5.30337
       85264          10      2598.2       165.6        23.2     111.991     7.13793
       85264         100     25788.2      1410.6         113     228.214     12.4832
----------------------------------------------------------------------------------------------------
       94864           1       292.6        45.4        13.4     21.8358     3.38806
       94864           5      1445.4       104.8        19.6     73.7449     5.34694
       94864          10      2909.2       184.2          29     100.317     6.35172
       94864         100     28985.2      1563.2       134.2     215.985     11.6483
----------------------------------------------------------------------------------------------------
      104976           1       324.6        51.6        15.4     21.0779     3.35065
      104976           5      1624.4       121.4        22.4     72.5179     5.41964
      104976          10      3182.2       204.2        30.2     105.371     6.76159
      104976         100       31643      1708.4       143.4     220.662     11.9135
----------------------------------------------------------------------------------------------------
      115600           1       354.6        56.4        17.8     19.9213     3.16854
      115600           5      1761.8         131        26.6     66.2331     4.92481
      115600          10      3548.8       224.2        35.6     99.6854     6.29775
      115600         100     35228.6        1900       179.6      196.15     10.5791
----------------------------------------------------------------------------------------------------
      126736           1       395.6          63        19.4     20.3918     3.24742
      126736           5        1928       146.4        30.6     63.0065     4.78431
      126736          10      3874.6       245.6        38.8     99.8608      6.3299
      126736         100     38683.4      2091.4       195.4      197.97     10.7032
----------------------------------------------------------------------------------------------------
      138384           1       431.2        68.4          22        19.6     3.10909
      138384           5      2109.6         158        33.2     63.5422     4.75904
      138384          10      4203.2         271        43.4     96.8479     6.24424
      138384         100       42113      2290.4       222.2     189.527     10.3078
----------------------------------------------------------------------------------------------------
      150544           1       464.6        74.8        23.6     19.6864     3.16949
      150544           5      2301.2       173.2        36.6     62.8743     4.73224
      150544          10      4583.6       296.8        48.4     94.7025     6.13223
      150544         100     45935.6        2504       237.6     193.332     10.5387
----------------------------------------------------------------------------------------------------
      163216           1       506.2        83.8        26.2     19.3206     3.19847
      163216           5      2506.4       187.6          41     61.1317     4.57561
      163216          10      4991.6       313.4        51.6     96.7364     6.07364
      163216         100     49611.8      2644.6       270.6      183.34      9.7731
----------------------------------------------------------------------------------------------------
      176400           1       541.6        87.4        28.4     19.0704     3.07746
      176400           5      2673.6       204.8        40.6     65.8522     5.04433
      176400          10      5362.4       343.2        55.2     97.1449     6.21739
      176400         100     53500.8      2899.8         277     193.144     10.4686
----------------------------------------------------------------------------------------------------
      190096           1       585.6          97          31     18.8903     3.12903
      190096           5        2901       220.2        47.2     61.4619     4.66525
      190096          10      5846.6       371.2        60.2     97.1196     6.16611
      190096         100     57378.2      3139.2       292.6     196.098     10.7286
----------------------------------------------------------------------------------------------------
      204304           1       628.6       105.6        33.8     18.5976     3.12426
      204304           5      3130.4       239.8        51.2     61.1406     4.68359
      204304          10      6281.2         409        67.4     93.1929     6.06825
      204304         100     62012.8        3381         339     182.929     9.97345
----------------------------------------------------------------------------------------------------
      219024           1         677         111          35     19.3429     3.17143
      219024           5      3376.8       253.2        56.4     59.8723     4.48936
      219024          10        6699       430.2        71.2     94.0871     6.04213
      219024         100     67049.8        3608       350.4     191.352     10.2968
----------------------------------------------------------------------------------------------------
      234256           1       723.6       121.4        39.6     18.2727     3.06566
      234256           5      3572.8       273.2        59.4     60.1481     4.59933
      234256          10      7205.8       460.4        75.4     95.5676      6.1061
      234256         100       71542      3882.2       373.2     191.699     10.4025
----------------------------------------------------------------------------------------------------
      250000           1         765         127        42.2      18.128     3.00948
      250000           5      3843.2       289.4        61.6     62.3896     4.69805
      250000          10        7625         492        80.8     94.3688     6.08911
      250000         100     76175.6      4094.8       416.4     182.939     9.83381
----------------------------------------------------------------------------------------------------
