Running jacobi_stencil using 5 cores
    # blocks      Repeat      OpenMP         TBB    Taskflow    speedup1    speedup2
====================================================================================================
          16           1           0           0           1           0           0
          16           5           0           0           0        -nan        -nan
          16          10           0           0           0        -nan        -nan
          16         100           2           0           0         inf        -nan
----------------------------------------------------------------------------------------------------
         400           1           0           0         3.2           0           0
         400           5         2.4           0           0         inf        -nan
         400          10           5           0         0.4        12.5           0
         400         100          59           2         6.6     8.93939     0.30303
----------------------------------------------------------------------------------------------------
        1296           1         1.4           0         1.8    0.777778           0
        1296           5           9         0.2           2         4.5         0.1
        1296          10          19           1         4.6     4.13043    0.217391
        1296         100       194.6           8         6.2     31.3871     1.29032
----------------------------------------------------------------------------------------------------
        2704           1         3.6         0.6         2.4         1.5        0.25
        2704           5        19.8           1         6.2     3.19355     0.16129
        2704          10        40.2           2           8       5.025        0.25
        2704         100       406.6        25.4           9     45.1778     2.82222
----------------------------------------------------------------------------------------------------
        4624           1         6.4         1.4         4.4     1.45455    0.318182
        4624           5        33.6           2           7         4.8    0.285714
        4624          10        67.2           4         5.8     11.5862    0.689655
        4624         100       691.4        54.2          14     49.3857     3.87143
----------------------------------------------------------------------------------------------------
        7056           1          10         2.2         5.2     1.92308    0.423077
        7056           5        52.8           4         5.6     9.42857    0.714286
        7056          10         105           6         5.8     18.1034     1.03448
        7056         100      1064.6        92.4        20.2      52.703     4.57426
----------------------------------------------------------------------------------------------------
       10000           1        13.8         3.4         7.6     1.81579    0.447368
       10000           5        75.4           5         5.2        14.5    0.961538
       10000          10       149.2           8         4.4     33.9091     1.81818
       10000         100      1473.2       134.4        27.2     54.1618     4.94118
----------------------------------------------------------------------------------------------------
       13456           1        19.2         4.8         5.8     3.31034    0.827586
       13456           5        98.8           7         4.4     22.4545     1.59091
       13456          10       199.2          11           4        49.8        2.75
       13456         100        1994       190.2        33.8     58.9941     5.62722
----------------------------------------------------------------------------------------------------
       17424           1          25         5.2         4.8     5.20833     1.08333
       17424           5       129.2         9.8         3.2      40.375      3.0625
       17424          10       262.8          19         5.2     50.5385     3.65385
       17424         100      2618.6       250.2        42.2     62.0521     5.92891
----------------------------------------------------------------------------------------------------
       21904           1        32.2         7.2         3.4     9.47059     2.11765
       21904           5         161          12           4       40.25           3
       21904          10       331.4        28.2         6.2     53.4516     4.54839
       21904         100      3258.2       313.4        48.8     66.7664     6.42213
----------------------------------------------------------------------------------------------------
       26896           1        39.2         9.2           3     13.0667     3.06667
       26896           5       202.6        18.6           5       40.52        3.72
       26896          10       391.8        37.2         7.8     50.2308     4.76923
       26896         100      4002.4         397        57.6     69.4861     6.89236
----------------------------------------------------------------------------------------------------
       32400           1        47.2        11.2         3.2       14.75         3.5
       32400           5         239        26.2           6     39.8333     4.36667
       32400          10       479.4          50         9.4          51     5.31915
       32400         100      4858.8       474.6        67.4      72.089     7.04154
----------------------------------------------------------------------------------------------------
       38416           1          58        13.4           4        14.5        3.35
       38416           5       284.2        34.4         7.4     38.4054     4.64865
       38416          10         581        63.4        11.4     50.9649      5.5614
       38416         100      5702.8       562.8          78     73.1128     7.21538
----------------------------------------------------------------------------------------------------
       44944           1        64.8        16.6           5       12.96        3.32
       44944           5       328.4        42.4         8.6      38.186     4.93023
       44944          10       668.4        74.4        13.6     49.1471     5.47059
       44944         100      6565.4       646.8        89.6     73.2746     7.21875
----------------------------------------------------------------------------------------------------
       51984           1        76.2        20.6         6.6     11.5455     3.12121
       51984           5       380.6        50.6        10.4     36.5962     4.86538
       51984          10       760.2          88          16     47.5125         5.5
       51984         100      7623.4       770.8         101     75.4792     7.63168
----------------------------------------------------------------------------------------------------
       59536           1        86.2        24.6           8      10.775       3.075
       59536           5       435.2          59          13     33.4769     4.53846
       59536          10         867       101.8        19.2     45.1562     5.30208
       59536         100      8592.8       880.6       117.2     73.3174     7.51365
----------------------------------------------------------------------------------------------------
       67600           1          96          28           9     10.6667     3.11111
       67600           5       496.4        68.4        15.4     32.2338     4.44156
       67600          10       990.2       116.8        22.6     43.8142     5.16814
       67600         100        9773      1027.8       134.6     72.6077     7.63596
----------------------------------------------------------------------------------------------------
       76176           1       106.6        31.8        10.6     10.0566           3
       76176           5       531.6        76.2        18.2     29.2088     4.18681
       76176          10        1063       130.4        26.2     40.5725      4.9771
       76176         100     10938.4      1136.6       156.4     69.9386     7.26726
----------------------------------------------------------------------------------------------------
       85264           1       123.2          36          12     10.2667           3
       85264           5       611.4        86.4          21     29.1143     4.11429
       85264          10      1226.8         150          30     40.8933           5
       85264         100     11997.2      1264.8       181.6     66.0639     6.96476
----------------------------------------------------------------------------------------------------
       94864           1         136          40          14     9.71429     2.85714
       94864           5       679.8        95.2        23.8      28.563           4
       94864          10      1397.6       167.4        34.4     40.6279     4.86628
       94864         100     13786.2      1392.4       208.2     66.2161      6.6878
----------------------------------------------------------------------------------------------------
      104976           1       150.4        46.2        15.8     9.51899     2.92405
      104976           5       762.6       105.6          27     28.2444     3.91111
      104976          10      1525.8       187.4        38.6     39.5285     4.85492
      104976         100       15548      1568.4       240.8     64.5681     6.51329
----------------------------------------------------------------------------------------------------
      115600           1       163.4        50.4        17.4      9.3908     2.89655
      115600           5       813.2       117.6        30.6     26.5752     3.84314
      115600          10        1625       203.6        42.8     37.9673     4.75701
      115600         100     16237.2      1731.4         271     59.9159     6.38893
----------------------------------------------------------------------------------------------------
      126736           1       185.6        56.4        19.4     9.56701     2.90722
      126736           5         909       130.2          34     26.7353     3.82941
      126736          10      1833.2       220.2        48.2     38.0332     4.56846
      126736         100       17921      1885.4       304.8     58.7959      6.1857
----------------------------------------------------------------------------------------------------
      138384           1       200.6          61        21.6     9.28704     2.82407
      138384           5       994.2       143.2          38     26.1632     3.76842
      138384          10      2020.2       246.2        53.8     37.5502     4.57621
      138384         100     19483.8      2046.2         339     57.4743     6.03599
----------------------------------------------------------------------------------------------------
      150544           1       222.8        67.4          24     9.28333     2.80833
      150544           5      1094.6       154.4        43.4     25.2212      3.5576
      150544          10        2153       259.6        59.4     36.2458     4.37037
      150544         100       21692        2165       375.4     57.7837     5.76718
----------------------------------------------------------------------------------------------------
      163216           1       232.2        73.8          26     8.93077     2.83846
      163216           5      1159.2       165.6          47     24.6638      3.5234
      163216          10        2299         282        65.6     35.0457     4.29878
      163216         100     23610.4      2430.6       410.8     57.4742     5.91675
----------------------------------------------------------------------------------------------------
      176400           1       250.6        80.4        28.4     8.82394     2.83099
      176400           5      1238.2       182.4        50.8      24.374     3.59055
      176400          10      2548.8       301.6        70.6      36.102     4.27195
      176400         100     24662.4      2636.8       447.2     55.1485     5.89624
----------------------------------------------------------------------------------------------------
      190096           1       274.6        85.4        30.8     8.91558     2.77273
      190096           5      1362.6       197.2        54.4     25.0478       3.625
      190096          10      2724.6         337        77.4     35.2016     4.35401
      190096         100     27291.8      2800.2       485.8     56.1791      5.7641
----------------------------------------------------------------------------------------------------
      204304           1       293.4        93.2        34.4     8.52907      2.7093
      204304           5      1461.4       214.6        60.2     24.2757     3.56478
      204304          10      2903.8       357.6        83.8     34.6516      4.2673
      204304         100       28767      3058.2       527.8     54.5036     5.79424
----------------------------------------------------------------------------------------------------
      219024           1       316.2         101          37     8.54595     2.72973
      219024           5      1572.6         227        64.8     24.2685     3.50309
      219024          10      3216.4       386.6        91.8      35.037     4.21133
      219024         100     31666.2        3236       569.8     55.5742     5.67919
----------------------------------------------------------------------------------------------------
      234256           1       338.4         109        40.2     8.41791     2.71144
      234256           5        1735       240.8          71     24.4366     3.39155
      234256          10        3344       413.6        96.6      34.617     4.28157
      234256         100     33508.4      3446.4         616     54.3968     5.59481
----------------------------------------------------------------------------------------------------
      250000           1         358       115.4        42.2     8.48341      2.7346
      250000           5      1816.2       256.8        72.8     24.9478     3.52747
      250000          10      3634.8       442.8       101.8     35.7053     4.34971
      250000         100     36241.2      3647.4       660.6      54.861     5.52134
----------------------------------------------------------------------------------------------------
