Running jacobi_stencil using 6 cores
    # blocks      Repeat      OpenMP         TBB    Taskflow    speedup1    speedup2
====================================================================================================
          16           1           0           0         0.6           0           0
          16           5           0           0         0.4           0           0
          16          10         2.8           0         2.8           1           0
          16         100           2           0           3    0.666667           0
----------------------------------------------------------------------------------------------------
         400           1         2.2           0           2         1.1           0
         400           5         5.2           0           0         inf        -nan
         400          10           6           0         4.8        1.25           0
         400         100        66.4           2         6.4      10.375      0.3125
----------------------------------------------------------------------------------------------------
        1296           1           2           0           2           1           0
        1296           5        10.4         0.4         4.2     2.47619   0.0952381
        1296          10        21.2           1         7.2     2.94444    0.138889
        1296         100       214.6           8         6.6     32.5152     1.21212
----------------------------------------------------------------------------------------------------
        2704           1           4           1           4           1        0.25
        2704           5          22           1           9     2.44444    0.111111
        2704          10        45.2           2           8        5.65        0.25
        2704         100       457.4          25         8.6      53.186     2.90698
----------------------------------------------------------------------------------------------------
        4624           1           7         1.6         5.4      1.2963    0.296296
        4624           5          38           2         7.6           5    0.263158
        4624          10        77.4           4           5       15.48         0.8
        4624         100       781.4        54.6          13     60.1077         4.2
----------------------------------------------------------------------------------------------------
        7056           1        10.6         2.2         5.2     2.03846    0.423077
        7056           5        59.2           4         5.8     10.2069    0.689655
        7056          10         118           6         5.4     21.8519     1.11111
        7056         100      1188.6          93          19     62.5579     4.89474
----------------------------------------------------------------------------------------------------
       10000           1        16.4         3.2         6.6     2.48485    0.484848
       10000           5        83.8           5         5.2     16.1154    0.961538
       10000          10       164.8           8         4.6     35.8261     1.73913
       10000         100      1652.6       140.4        24.6     67.1789     5.70732
----------------------------------------------------------------------------------------------------
       13456           1        23.4         4.2         5.8     4.03448    0.724138
       13456           5       112.8         7.2         4.4     25.6364     1.63636
       13456          10       225.6        11.2           4        56.4         2.8
       13456         100      2262.6         192        31.8     71.1509     6.03774
----------------------------------------------------------------------------------------------------
       17424           1          28         5.2         4.8     5.83333     1.08333
       17424           5       145.4         9.4           3     48.4667     3.13333
       17424          10       296.2          19           5       59.24         3.8
       17424         100      2935.8       249.8        39.8     73.7638     6.27638
----------------------------------------------------------------------------------------------------
       21904           1        35.8         7.2         3.6     9.94444           2
       21904           5         181        12.2           4       45.25        3.05
       21904          10       369.6          28         6.2     59.6129     4.51613
       21904         100      3680.2         322        46.4     79.3147     6.93966
----------------------------------------------------------------------------------------------------
       26896           1        45.2         8.6           3     15.0667     2.86667
       26896           5       224.6        18.6           5       44.92        3.72
       26896          10       450.4        39.2           7     64.3429         5.6
       26896         100      4494.2       402.2          54     83.2259     7.44815
----------------------------------------------------------------------------------------------------
       32400           1        53.2        11.2         3.2      16.625         3.5
       32400           5       276.2        26.4           6     46.0333         4.4
       32400          10         547        50.6           9     60.7778     5.62222
       32400         100      5351.2       490.8        62.2     86.0322     7.89068
----------------------------------------------------------------------------------------------------
       38416           1        64.6        13.4         4.2      15.381     3.19048
       38416           5       323.6        34.6           7     46.2286     4.94286
       38416          10         642          64          11     58.3636     5.81818
       38416         100      6414.2         571          72     89.0861     7.93056
----------------------------------------------------------------------------------------------------
       44944           1        75.8        16.8           5       15.16        3.36
       44944           5         374        43.6         8.8        42.5     4.95455
       44944          10       756.2        76.4        12.6     60.0159     6.06349
       44944         100      7654.2       670.8        82.4     92.8908     8.14078
----------------------------------------------------------------------------------------------------
       51984           1        86.8          21         6.4     13.5625     3.28125
       51984           5       430.2        50.8        10.2     42.1765     4.98039
       51984          10       858.2        89.4        15.8     54.3165     5.65823
       51984         100      8647.8       769.4        92.8     93.1875     8.29095
----------------------------------------------------------------------------------------------------
       59536           1       100.6        24.6         7.8     12.8974     3.15385
       59536           5       498.6        59.2        11.8     42.2542     5.01695
       59536          10       998.6       102.2        17.6     56.7386     5.80682
       59536         100     10031.2       880.6         106      94.634     8.30755
----------------------------------------------------------------------------------------------------
       67600           1       115.6        28.4         9.4     12.2979     3.02128
       67600           5       570.6        67.2        14.8     38.5541     4.54054
       67600          10      1114.6       118.4        21.2     52.5755     5.58491
       67600         100     11234.8      1004.4       122.4     91.7876     8.20588
----------------------------------------------------------------------------------------------------
       76176           1       127.6        31.8        10.8     11.8148     2.94444
       76176           5       629.8        76.6        17.6     35.7841     4.35227
       76176          10      1263.4       131.8        23.6     53.5339     5.58475
       76176         100     12618.2        1125       137.6      91.702     8.17587
----------------------------------------------------------------------------------------------------
       85264           1       142.2        36.2        12.4     11.4677     2.91935
       85264           5       691.2        85.4        19.2          36     4.44792
       85264          10      1424.2       148.8          28     50.8643     5.31429
       85264         100     13900.8      1276.2       159.6     87.0977     7.99624
----------------------------------------------------------------------------------------------------
       94864           1       160.6        41.2        13.6     11.8088     3.02941
       94864           5       786.6        97.8        22.2     35.4324     4.40541
       94864          10      1590.4       167.4        32.2     49.3913     5.19876
       94864         100     15649.2      1413.6       185.2     84.4989     7.63283
----------------------------------------------------------------------------------------------------
      104976           1         177        45.8        15.6     11.3462      2.9359
      104976           5       856.4         107          26     32.9385     4.11538
      104976          10      1747.6       183.8        35.4     49.3672     5.19209
      104976         100     17461.2      1562.2       210.4     82.9905      7.4249
----------------------------------------------------------------------------------------------------
      115600           1         193        50.4        17.4      11.092     2.89655
      115600           5       939.2       118.8        28.6     32.8392     4.15385
      115600          10      1937.4       204.8        40.4     47.9554     5.06931
      115600         100       19188        1714       234.6     81.7903     7.30605
----------------------------------------------------------------------------------------------------
      126736           1       207.8        55.8        19.4     10.7113     2.87629
      126736           5        1034       128.6          32     32.3125     4.01875
      126736          10      2140.6       219.2        44.6     47.9955      4.9148
      126736         100     21014.2      1877.6       263.8     79.6596     7.11751
----------------------------------------------------------------------------------------------------
      138384           1       231.4          61        21.2     10.9151     2.87736
      138384           5      1126.6       140.4          36     31.2944         3.9
      138384          10        2287       241.6        49.4     46.2955     4.89069
      138384         100     23155.2      2086.4       297.4     77.8588     7.01547
----------------------------------------------------------------------------------------------------
      150544           1       253.6        67.6          23     11.0261     2.93913
      150544           5      1261.8         154          40      31.545        3.85
      150544          10      2491.8       263.4        54.2     45.9742     4.85978
      150544         100     25422.8      2255.2       324.2      78.417      6.9562
----------------------------------------------------------------------------------------------------
      163216           1       275.4        75.4        25.8     10.6744     2.92248
      163216           5      1337.6       169.8          45     29.7244     3.77333
      163216          10      2716.2       293.4        60.2     45.1196     4.87375
      163216         100       26796      2453.8       355.8      75.312     6.89657
----------------------------------------------------------------------------------------------------
      176400           1       293.4        78.4        28.2     10.4043     2.78014
      176400           5      1432.4       183.4        47.2     30.3475     3.88559
      176400          10      2889.6       312.4          66     43.7818     4.73333
      176400         100       29007      2617.4       387.6     74.8375     6.75284
----------------------------------------------------------------------------------------------------
      190096           1       321.6          87        30.8     10.4416     2.82468
      190096           5        1609       196.8          53     30.3585     3.71321
      190096          10      3110.2       339.2          71     43.8056     4.77746
      190096         100     30950.2      2844.2         422     73.3417     6.73981
----------------------------------------------------------------------------------------------------
      204304           1       340.6          93          34     10.0176     2.73529
      204304           5      1647.8       208.8          56      29.425     3.72857
      204304          10      3431.2       365.6          77      44.561     4.74805
      204304         100     33657.2      3050.2       461.8     72.8826     6.60502
----------------------------------------------------------------------------------------------------
      219024           1       357.4       101.8        36.4     9.81868      2.7967
      219024           5      1785.4       230.2        62.8     28.4299     3.66561
      219024          10      3654.2       389.6        84.8      43.092     4.59434
      219024         100     35767.4      3244.8         507     70.5471         6.4
----------------------------------------------------------------------------------------------------
      234256           1       390.8       109.4        39.2     9.96939     2.79082
      234256           5        1909       243.4        65.6     29.1006     3.71037
      234256          10      3843.4       420.8        90.6     42.4216     4.64459
      234256         100     38729.8        3478       535.4     72.3381     6.49608
----------------------------------------------------------------------------------------------------
      250000           1       411.4       115.8        41.2     9.98544     2.81068
      250000           5      2007.4       261.2        67.6     29.6953     3.86391
      250000          10      4155.4       449.4          95     43.7411     4.73053
      250000         100     40681.6      3831.4       573.6     70.9233     6.67957
----------------------------------------------------------------------------------------------------
