Running jacobi_stencil using 12 cores
    # blocks      Repeat      OpenMP         TBB    Taskflow    speedup1    speedup2
====================================================================================================
          16           1         4.6           0         0.2          23           0
          16           5           0           0         5.8           0           0
          16          10           0           0         3.2           0           0
          16         100           5           0         1.4     3.57143           0
----------------------------------------------------------------------------------------------------
         400           1           1           0           0         inf        -nan
         400           5           6           0         7.4    0.810811           0
         400          10        13.2           0        11.4     1.15789           0
         400         100       135.8           3         8.2      16.561    0.365854
----------------------------------------------------------------------------------------------------
        1296           1           4           0         8.2    0.487805           0
        1296           5          22         0.2        11.8     1.86441   0.0169492
        1296          10        44.2           1         8.2     5.39024    0.121951
        1296         100       437.8           9         7.6     57.6053     1.18421
----------------------------------------------------------------------------------------------------
        2704           1           9           1         6.8     1.32353    0.147059
        2704           5        45.6           1         9.8     4.65306    0.102041
        2704          10        91.8           2         9.2     9.97826    0.217391
        2704         100         924        29.4           8       115.5       3.675
----------------------------------------------------------------------------------------------------
        4624           1        15.4         1.4           8       1.925       0.175
        4624           5          78           3           8        9.75       0.375
        4624          10       157.8           4         7.4     21.3243    0.540541
        4624         100      1562.6        62.4        13.4     116.612     4.65672
----------------------------------------------------------------------------------------------------
        7056           1        23.8         2.2         8.8     2.70455        0.25
        7056           5       119.8           4         7.6     15.7632    0.526316
        7056          10       241.4           7           6     40.2333     1.16667
        7056         100      2413.4         105        15.8     152.747     6.64557
----------------------------------------------------------------------------------------------------
       10000           1          34         3.4         8.6     3.95349    0.395349
       10000           5       170.6           6         6.2     27.5161    0.967742
       10000          10         340          10         4.4     77.2727     2.27273
       10000         100      3399.2       158.2        23.2     146.517     6.81897
----------------------------------------------------------------------------------------------------
       13456           1        45.8         5.2         6.8     6.73529    0.764706
       13456           5       226.8         8.2         4.6     49.3043     1.78261
       13456          10       452.6          13           3     150.867     4.33333
       13456         100      4618.2       217.8        24.2     190.835           9
----------------------------------------------------------------------------------------------------
       17424           1          59         6.2         5.8     10.1724     1.06897
       17424           5       296.6          11           3     98.8667     3.66667
       17424          10       591.2          22         4.8     123.167     4.58333
       17424         100      5948.2       282.8        30.4     195.664     9.30263
----------------------------------------------------------------------------------------------------
       21904           1        74.8         8.2         3.8     19.6842     2.15789
       21904           5       374.4          14           4        93.6         3.5
       21904          10       752.4        32.2           6       125.4     5.36667
       21904         100        7499       362.6          36     208.306     10.0722
----------------------------------------------------------------------------------------------------
       26896           1        91.8        10.2         3.2     28.6875      3.1875
       26896           5       460.4        21.4           6     76.7333     3.56667
       26896          10       921.2        44.2         9.8          94      4.5102
       26896         100      9192.6       446.8        64.8     141.861     6.89506
----------------------------------------------------------------------------------------------------
       32400           1       110.8        12.6           4        27.7        3.15
       32400           5         556        30.8         6.6     84.2424     4.66667
       32400          10      1102.8          58         9.6     114.875     6.04167
       32400         100     11030.4         546        62.2     177.338     8.77814
----------------------------------------------------------------------------------------------------
       38416           1       131.6        15.4           5       26.32        3.08
       38416           5       660.6        40.2         7.8     84.6923     5.15385
       38416          10      1325.4        73.8        11.6     114.259     6.36207
       38416         100     13050.4       657.8        70.4     185.375     9.34375
----------------------------------------------------------------------------------------------------
       44944           1       155.6        19.6           6     25.9333     3.26667
       44944           5       767.8        49.6         9.2     83.4565      5.3913
       44944          10      1540.8        88.6        13.4     114.985     6.61194
       44944         100     15384.6         756          79     194.742     9.56962
----------------------------------------------------------------------------------------------------
       51984           1       179.2        24.4         6.8     26.3529     3.58824
       51984           5       892.4        58.4          11     81.1273     5.30909
       51984          10        1790         102        15.6     114.744     6.53846
       51984         100     17765.4       883.8        89.8     197.833     9.84187
----------------------------------------------------------------------------------------------------
       59536           1       202.6        29.2         8.2     24.7073     3.56098
       59536           5      1013.4          68          13     77.9538     5.23077
       59536          10      2041.8       119.8        18.2     112.187     6.58242
       59536         100     20196.2      1008.2       100.6     200.757     10.0219
----------------------------------------------------------------------------------------------------
       67600           1         235        32.8         9.8     23.9796     3.34694
       67600           5      1149.4        78.2          15     76.6267     5.21333
       67600          10      2326.4       134.4          21     110.781         6.4
       67600         100     23341.2      1131.6       109.8     212.579      10.306
----------------------------------------------------------------------------------------------------
       76176           1       260.6        36.4        11.2     23.2679        3.25
       76176           5      1303.2        85.4        17.4     74.8966     4.90805
       76176          10      2621.6       149.8        22.6         116     6.62832
       76176         100     26109.4      1288.6       121.6     214.715      10.597
----------------------------------------------------------------------------------------------------
       85264           1       294.2        40.6        12.4     23.7258     3.27419
       85264           5        1469          97        17.2      85.407     5.63953
       85264          10      2916.4       168.2        23.2     125.707        7.25
       85264         100     28927.8      1445.6         107     270.353     13.5103
----------------------------------------------------------------------------------------------------
       94864           1       327.6          46        14.6     22.4384     3.15068
       94864           5      1605.6         109        20.2     79.4851     5.39604
       94864          10      3245.6       191.6        30.6     106.065     6.26144
       94864         100     32481.4      1589.4       127.2     255.357     12.4953
----------------------------------------------------------------------------------------------------
      104976           1       362.2          51        16.4     22.0854     3.10976
      104976           5      1799.6         122        22.8     78.9298     5.35088
      104976          10      3610.2         208        33.2     108.741     6.26506
      104976         100     35991.8      1793.2       143.8     250.291     12.4701
----------------------------------------------------------------------------------------------------
      115600           1       405.4        57.2        18.2     22.2747     3.14286
      115600           5      1976.2       136.2        25.6     77.1953     5.32031
      115600          10      3942.4       234.4        33.4     118.036     7.01796
      115600         100     39427.2      1964.4       160.8     245.194     12.2164
----------------------------------------------------------------------------------------------------
      126736           1       440.4          63          20       22.02        3.15
      126736           5        2153       148.6        28.6     75.2797      5.1958
      126736          10        4315         249        37.6     114.761     6.62234
      126736         100     43083.8      2133.8       178.6     241.231     11.9474
----------------------------------------------------------------------------------------------------
      138384           1         476        69.2        21.4      22.243     3.23364
      138384           5      2385.4       163.6        31.6     75.4873     5.17722
      138384          10      4728.6       276.8          42     112.586     6.59048
      138384         100       47550      2326.2       201.2     236.332     11.5616
----------------------------------------------------------------------------------------------------
      150544           1       520.2        75.6        23.4     22.2308     3.23077
      150544           5      2581.6       178.8        35.4     72.9266     5.05085
      150544          10      5165.8       302.2        45.2     114.288     6.68584
      150544         100     51687.8      2546.2       212.6     243.122     11.9765
----------------------------------------------------------------------------------------------------
      163216           1       562.6        82.4        25.8     21.8062      3.1938
      163216           5      2768.4       191.2        38.4     72.0938     4.97917
      163216          10      5614.6         327        49.8     112.743     6.56627
      163216         100     55818.8      2731.2         234     238.542     11.6718
----------------------------------------------------------------------------------------------------
      176400           1         616          91        28.4     21.6901     3.20423
      176400           5      3030.8       208.4        41.6     72.8558     5.00962
      176400          10      6063.8       355.2        53.2     113.981     6.67669
      176400         100       60575        2972       254.8     237.735     11.6641
----------------------------------------------------------------------------------------------------
      190096           1       654.8       100.2        30.6     21.3987     3.27451
      190096           5      3257.8       224.8        45.8      71.131      4.9083
      190096          10      6492.8       383.8        59.4     109.306     6.46128
      190096         100     64958.6      3194.6         276     235.357     11.5746
----------------------------------------------------------------------------------------------------
      204304           1       707.6       106.4        33.6     21.0595     3.16667
      204304           5        3498       240.6        49.4     70.8097     4.87045
      204304          10      6999.2       411.8        64.2     109.022     6.41433
      204304         100       69602      3429.6       299.8     232.161     11.4396
----------------------------------------------------------------------------------------------------
      219024           1       755.6       114.2        36.8     20.5326     3.10326
      219024           5      3750.6       256.8          54     69.4556     4.75556
      219024          10      7504.2       438.8        68.2     110.032     6.43402
      219024         100     74066.4      3727.2         321     230.736     11.6112
----------------------------------------------------------------------------------------------------
      234256           1       802.4       122.6        38.6     20.7876     3.17617
      234256           5        4011       274.6          57     70.3684     4.81754
      234256          10      7966.8       469.4          72      110.65     6.51944
      234256         100     80316.2      3886.6       342.8     234.295     11.3378
----------------------------------------------------------------------------------------------------
      250000           1       861.6       127.8          40       21.54       3.195
      250000           5      4294.8         291        60.4      71.106     4.81788
      250000          10      8429.8       499.8        75.6     111.505     6.61111
      250000         100     85531.6      4218.8       368.2     232.297     11.4579
----------------------------------------------------------------------------------------------------
