Running jacobi_stencil using 8 cores
    # blocks      Repeat      OpenMP         TBB    Taskflow    speedup1    speedup2
====================================================================================================
          16           1         1.8           0           0         inf        -nan
          16           5           0           0           0        -nan        -nan
          16          10           0           0         1.4           0           0
          16         100         5.4           0         8.4    0.642857           0
----------------------------------------------------------------------------------------------------
         400           1           0           0         2.2           0           0
         400           5           4           0         4.8    0.833333           0
         400          10         8.2           0         5.8     1.41379           0
         400         100        86.6           2         7.6     11.3947    0.263158
----------------------------------------------------------------------------------------------------
        1296           1         3.8           0         6.2    0.612903           0
        1296           5          14         0.4         7.6     1.84211   0.0526316
        1296          10          28           1        10.2      2.7451   0.0980392
        1296         100         283           8         6.6     42.8788     1.21212
----------------------------------------------------------------------------------------------------
        2704           1         5.4         0.8         6.8    0.794118    0.117647
        2704           5        29.4           1         8.8     3.34091    0.113636
        2704          10        58.8           2         8.2     7.17073    0.243902
        2704         100       588.8          26         7.8     75.4872     3.33333
----------------------------------------------------------------------------------------------------
        4624           1         9.6         1.4         9.4     1.02128    0.148936
        4624           5        50.4         2.2           8         6.3       0.275
        4624          10        99.8           4         6.2     16.0968    0.645161
        4624         100      1007.6        58.4        12.8     78.7188      4.5625
----------------------------------------------------------------------------------------------------
        7056           1        17.4         2.2         7.8     2.23077    0.282051
        7056           5        76.2           4         6.4     11.9062       0.625
        7056          10       153.4           6         5.6     27.3929     1.07143
        7056         100        1537          98        17.2     89.3605     5.69767
----------------------------------------------------------------------------------------------------
       10000           1        21.8         3.2         7.8     2.79487    0.410256
       10000           5         108         5.2         5.4          20    0.962963
       10000          10       217.2           9           4        54.3        2.25
       10000         100        2186       144.4        22.8     95.8772     6.33333
----------------------------------------------------------------------------------------------------
       13456           1        29.2         4.2         6.4      4.5625     0.65625
       13456           5       145.8           8         4.8      30.375     1.66667
       13456          10       288.2          12           4       72.05           3
       13456         100        2900         199          30     96.6667     6.63333
----------------------------------------------------------------------------------------------------
       17424           1        37.4         6.2           5        7.48        1.24
       17424           5       191.2          10           3     63.7333     3.33333
       17424          10       380.4          20           5       76.08           4
       17424         100      3767.8       258.4        36.6     102.945     7.06011
----------------------------------------------------------------------------------------------------
       21904           1          47         7.2         3.6     13.0556           2
       21904           5       239.8          13           4       59.95        3.25
       21904          10       479.6        29.2           6     79.9333     4.86667
       21904         100      4762.8       328.8        45.4     104.907     7.24229
----------------------------------------------------------------------------------------------------
       26896           1        58.2         9.2           3        19.4     3.06667
       26896           5       291.4        19.4           5       58.28        3.88
       26896          10       585.8          40         7.4     79.1622     5.40541
       26896         100        5817       406.6        52.8      110.17     7.70076
----------------------------------------------------------------------------------------------------
       32400           1        70.2        11.2         3.6        19.5     3.11111
       32400           5       349.2        27.4           6        58.2     4.56667
       32400          10       699.6        52.4         9.2     76.0435     5.69565
       32400         100        7031         499          59     119.169     8.45763
----------------------------------------------------------------------------------------------------
       38416           1        82.8          14         4.2     19.7143     3.33333
       38416           5       418.8        36.2         7.4     56.5946     4.89189
       38416          10       839.4        66.2        10.6     79.1887     6.24528
       38416         100      8374.4       580.8        67.6     123.882     8.59172
----------------------------------------------------------------------------------------------------
       44944           1        99.4        17.4         5.2     19.1154     3.34615
       44944           5       487.4        44.6         8.4     58.0238     5.30952
       44944          10       995.8        79.4          13        76.6     6.10769
       44944         100      9719.2         689        74.4     130.634     9.26075
----------------------------------------------------------------------------------------------------
       51984           1       114.6        21.6         6.6     17.3636     3.27273
       51984           5       563.6          52        10.2     55.2549     5.09804
       51984          10      1118.6        92.2        14.6     76.6164     6.31507
       51984         100     11232.2       796.6        82.6     135.983     9.64407
----------------------------------------------------------------------------------------------------
       59536           1       132.2        25.6           8      16.525         3.2
       59536           5         650          61        11.8     55.0847     5.16949
       59536          10      1288.8       106.2        16.8     76.7143     6.32143
       59536         100     12944.2       910.2        96.8     133.721     9.40289
----------------------------------------------------------------------------------------------------
       67600           1         148          29         9.2      16.087     3.15217
       67600           5       727.4        69.4        14.2     51.2254     4.88732
       67600          10      1446.6       120.6        19.4      74.567     6.21649
       67600         100     14600.8      1031.4       105.4     138.528     9.78558
----------------------------------------------------------------------------------------------------
       76176           1       168.2        33.2        10.6     15.8679     3.13208
       76176           5       827.2        79.4          17     48.6588     4.67059
       76176          10      1661.4         138        22.6     73.5133     6.10619
       76176         100     16664.4      1196.8       119.4     139.568     10.0235
----------------------------------------------------------------------------------------------------
       85264           1       186.2        37.6        11.8     15.7797     3.18644
       85264           5       923.4        89.4        18.4     50.1848      4.8587
       85264          10        1865       153.8        25.4     73.4252     6.05512
       85264         100     18466.8      1323.2       135.8     135.985     9.74374
----------------------------------------------------------------------------------------------------
       94864           1       209.4        42.2        13.6     15.3971     3.10294
       94864           5        1028        99.8        21.2     48.4906     4.70755
       94864          10      2033.6       170.6        28.8     70.6111     5.92361
       94864         100       20783      1477.8       157.4     132.039     9.38882
----------------------------------------------------------------------------------------------------
      104976           1       229.4        47.2        15.4     14.8961     3.06494
      104976           5      1132.8       110.4        23.4     48.4103     4.71795
      104976          10      2291.8       190.4        33.4     68.6168      5.7006
      104976         100     22793.4      1597.8       178.8      127.48     8.93624
----------------------------------------------------------------------------------------------------
      115600           1       251.8        51.8        16.8     14.9881     3.08333
      115600           5      1253.8       121.2        26.6     47.1353     4.55639
      115600          10      2482.2       213.2        36.6     67.8197     5.82514
      115600         100       24964      1803.8       199.8     124.945     9.02803
----------------------------------------------------------------------------------------------------
      126736           1       277.4        57.6          19        14.6     3.03158
      126736           5      1382.6         135          30     46.0867         4.5
      126736          10      2764.4       231.4        40.8     67.7549     5.67157
      126736         100     27509.4        1967       224.6     122.482     8.75779
----------------------------------------------------------------------------------------------------
      138384           1       301.6        63.6          21     14.3619     3.02857
      138384           5      1493.2       150.6        33.6     44.4405     4.48214
      138384          10      2948.2       254.6        45.8     64.3712     5.55895
      138384         100     29835.6      2132.2       248.8     119.918     8.56994
----------------------------------------------------------------------------------------------------
      150544           1       331.4        69.4          23     14.4087     3.01739
      150544           5        1639       161.4        37.4     43.8235     4.31551
      150544          10        3224       275.4          50       64.48       5.508
      150544         100     32242.2        2330         275     117.244     8.47273
----------------------------------------------------------------------------------------------------
      163216           1       363.2        75.2        25.4     14.2992     2.96063
      163216           5      1750.6       175.8        41.2     42.4903     4.26699
      163216          10        3549       300.2        55.4     64.0614     5.41877
      163216         100     35242.8        2510       299.8     117.554     8.37225
----------------------------------------------------------------------------------------------------
      176400           1       390.6        82.6          28       13.95        2.95
      176400           5      1891.4         189        44.4     42.5991     4.25676
      176400          10      3784.2       321.6        60.4     62.6523      5.3245
      176400         100     37981.4      2723.8       328.8     115.515     8.28406
----------------------------------------------------------------------------------------------------
      190096           1       415.8        89.2        30.4     13.6776     2.93421
      190096           5      2056.6       201.8        48.2      42.668     4.18672
      190096          10      4102.2       349.8        65.6     62.5335     5.33232
      190096         100     40867.6        2944       357.2     114.411     8.24188
----------------------------------------------------------------------------------------------------
      204304           1       448.6        96.6          34     13.1941     2.84118
      204304           5        2220         220        52.4     42.3664     4.19847
      204304          10      4435.4       371.4        70.8     62.6469     5.24576
      204304         100     44362.6      3142.8       389.4     113.926     8.07088
----------------------------------------------------------------------------------------------------
      219024           1       479.4       103.6        36.6     13.0984      2.8306
      219024           5      2394.4       235.2        57.8     41.4256      4.0692
      219024          10        4751         402          76     62.5132     5.28947
      219024         100     47057.6      3358.6       418.4      112.47     8.02725
----------------------------------------------------------------------------------------------------
      234256           1       514.2       112.2        38.8     13.2526     2.89175
      234256           5      2527.8       252.6        61.4     41.1694     4.11401
      234256          10      5055.4       428.6        80.8     62.5668     5.30446
      234256         100       50602        3596       441.4      114.64     8.14681
----------------------------------------------------------------------------------------------------
      250000           1       544.6       120.4        40.8      13.348     2.95098
      250000           5        2690       267.2        64.2     41.9003     4.16199
      250000          10      5373.6       457.8        85.4     62.9227     5.36066
      250000         100     53957.2      3859.2       483.2     111.666     7.98675
----------------------------------------------------------------------------------------------------
