Running jacobi_stencil using 14 cores
    # blocks      Repeat      OpenMP         TBB    Taskflow    speedup1    speedup2
====================================================================================================
          16           1         4.6           0         5.4    0.851852           0
          16           5           0           0         2.4           0           0
          16          10           0           0         0.6           0           0
          16         100           6           0           3           2           0
----------------------------------------------------------------------------------------------------
         400           1           1           0         0.6     1.66667           0
         400           5           8           0         8.2     0.97561           0
         400          10          16           0        10.6     1.50943           0
         400         100       164.4           3         8.2     20.0488    0.365854
----------------------------------------------------------------------------------------------------
        1296           1           5           0         8.6    0.581395           0
        1296           5          26           1        11.4      2.2807   0.0877193
        1296          10          52           1          11     4.72727   0.0909091
        1296         100       524.6          10         7.8     67.2564     1.28205
----------------------------------------------------------------------------------------------------
        2704           1        10.8           1         8.4     1.28571    0.119048
        2704           5        54.2           1         9.8     5.53061    0.102041
        2704          10         109           2           7     15.5714    0.285714
        2704         100      1096.6          31           9     121.844     3.44444
----------------------------------------------------------------------------------------------------
        4624           1        18.6         1.2           9     2.06667    0.133333
        4624           5        93.4           3           8      11.675       0.375
        4624          10       187.6           5         6.8     27.5882    0.735294
        4624         100        1888          65        12.4     152.258     5.24194
----------------------------------------------------------------------------------------------------
        7056           1        31.6         2.2         8.8     3.59091        0.25
        7056           5       143.2           4         7.6     18.8421    0.526316
        7056          10       286.8           7         5.6     51.2143        1.25
        7056         100      2865.4       109.8        17.4     164.678     6.31034
----------------------------------------------------------------------------------------------------
       10000           1          40           4         8.8     4.54545    0.454545
       10000           5       203.4           7           6        33.9     1.16667
       10000          10       404.4          10           4       101.1         2.5
       10000         100      4064.6         161        19.8     205.283     8.13131
----------------------------------------------------------------------------------------------------
       13456           1        54.2         5.2         7.8     6.94872    0.666667
       13456           5       274.8           9         5.2     52.8462     1.73077
       13456          10       547.4        14.2           4      136.85        3.55
       13456         100      5478.6       221.6        28.6     191.559     7.74825
----------------------------------------------------------------------------------------------------
       17424           1        72.6         6.8         5.8     12.5172     1.17241
       17424           5       354.6          12         3.4     104.294     3.52941
       17424          10       709.2        23.6           5      141.84        4.72
       17424         100      7056.6         290        34.2     206.333     8.47953
----------------------------------------------------------------------------------------------------
       21904           1          89         8.4         4.2     21.1905           2
       21904           5       445.4          15           4      111.35        3.75
       21904          10       891.4        33.6         6.2     143.774     5.41935
       21904         100      8854.2       370.6          41     215.956     9.03902
----------------------------------------------------------------------------------------------------
       26896           1       108.4        10.4         3.2      33.875        3.25
       26896           5       549.6        22.4           5      109.92        4.48
       26896          10      1090.4        45.6         7.8     139.795     5.84615
       26896         100     10895.2       459.8        47.6     228.891     9.65966
----------------------------------------------------------------------------------------------------
       32400           1       131.8        13.2           4       32.95         3.3
       32400           5       664.2          31           6       110.7     5.16667
       32400          10      1314.6        59.6         8.8     149.386     6.77273
       32400         100     13181.4       555.2        51.2     257.449     10.8438
----------------------------------------------------------------------------------------------------
       38416           1       155.8        16.2           5       31.16        3.24
       38416           5       780.2          41         8.2     95.1463           5
       38416          10      1555.2          74        11.8     131.797     6.27119
       38416         100     15594.4       658.8        74.8     208.481     8.80749
----------------------------------------------------------------------------------------------------
       44944           1       184.8        19.8         6.2     29.8065     3.19355
       44944           5       917.4        50.2         9.8     93.6122     5.12245
       44944          10      1820.6        88.2        14.2     128.211     6.21127
       44944         100       18154       776.6        83.4     217.674     9.31175
----------------------------------------------------------------------------------------------------
       51984           1       214.2        24.6         7.2       29.75     3.41667
       51984           5      1060.6        59.4        10.4     101.981     5.71154
       51984          10      2102.4       104.2        13.8     152.348     7.55072
       51984         100     20973.6       901.8        69.2     303.087     13.0318
----------------------------------------------------------------------------------------------------
       59536           1       243.8        29.2         8.2     29.7317     3.56098
       59536           5        1215        69.6        11.8     102.966     5.89831
       59536          10      2427.2       119.4        15.8      153.62     7.55696
       59536         100       24324      1024.4        75.6     321.746     13.5503
----------------------------------------------------------------------------------------------------
       67600           1         276        33.2          10        27.6        3.32
       67600           5      1384.2        79.2        13.4     103.299     5.91045
       67600          10        2756       136.4        18.6     148.172     7.33333
       67600         100     27525.2      1174.4         113     243.586     10.3929
----------------------------------------------------------------------------------------------------
       76176           1         315        37.2        11.6     27.1552      3.2069
       76176           5        1559        90.2        15.6     99.9359     5.78205
       76176          10      3097.2       156.8        20.8     148.904     7.53846
       76176         100       31079        1314          98     317.133     13.4082
----------------------------------------------------------------------------------------------------
       85264           1       350.4        42.8          14     25.0286     3.05714
       85264           5      1740.6       101.4        17.2     101.198     5.89535
       85264          10      3478.8       175.2        23.4     148.667     7.48718
       85264         100       34892      1478.6       104.6     333.576     14.1358
----------------------------------------------------------------------------------------------------
       94864           1       391.6        47.2        14.4     27.1944     3.27778
       94864           5        1944       112.8        18.8     103.404           6
       94864          10      3874.2         193        24.4     158.779     7.90984
       94864         100     38747.4      1642.2       109.4     354.181      15.011
----------------------------------------------------------------------------------------------------
      104976           1       427.4          53        15.8     27.0506     3.35443
      104976           5      2132.2       124.4        22.2      96.045      5.6036
      104976          10      4251.8         213          28      151.85     7.60714
      104976         100     42566.6      1828.2       130.8     325.433     13.9771
----------------------------------------------------------------------------------------------------
      115600           1       475.8          59        17.6     27.0341     3.35227
      115600           5      2335.6       138.4        24.2     96.5124     5.71901
      115600          10      4697.2       237.2        31.6     148.646     7.50633
      115600         100     47076.2      2000.6       140.2     335.779     14.2696
----------------------------------------------------------------------------------------------------
      126736           1       524.6          64        19.2     27.3229     3.33333
      126736           5      2586.4       153.6        27.4     94.3942     5.60584
      126736          10      5097.6       259.6        34.8     146.483     7.45977
      126736         100     51437.8      2190.8       155.6     330.577     14.0797
----------------------------------------------------------------------------------------------------
      138384           1         571        71.6        21.2      26.934     3.37736
      138384           5        2823       167.8        31.4     89.9045     5.34395
      138384          10        5610       284.8        39.6     141.667     7.19192
      138384         100     56198.2      2385.8       182.6     307.767     13.0657
----------------------------------------------------------------------------------------------------
      150544           1         619        77.8        23.4      26.453     3.32479
      150544           5      3048.6       180.8          34     89.6647     5.31765
      150544          10      6119.4         310          43     142.312      7.2093
      150544         100     61227.2        2618       189.2     323.611     13.8372
----------------------------------------------------------------------------------------------------
      163216           1       668.8        85.6        25.8     25.9225     3.31783
      163216           5        3325       197.4        37.2     89.3817     5.30645
      163216          10      6641.2       335.6        47.2     140.703     7.11017
      163216         100       65988        2814       206.4     319.709     13.6337
----------------------------------------------------------------------------------------------------
      176400           1       727.8        96.6        28.4     25.6268     3.40141
      176400           5      3565.2       213.8        40.6     87.8128     5.26601
      176400          10      7183.6       364.6        51.4     139.759     7.09339
      176400         100     71191.8      3052.4       226.4     314.451     13.4823
----------------------------------------------------------------------------------------------------
      190096           1         778       104.4        30.6     25.4248     3.41176
      190096           5      3862.8       231.4        44.8     86.2232     5.16518
      190096          10      7774.8       390.6        56.4     137.851     6.92553
      190096         100       77105        3298       256.8     300.253     12.8427
----------------------------------------------------------------------------------------------------
      204304           1       835.4       108.8        33.6     24.8631      3.2381
      204304           5      4127.6       248.4          51     80.9333     4.87059
      204304          10      8300.4       420.6        63.4     130.921     6.63407
      204304         100     83249.2      3504.6       315.4     263.948     11.1116
----------------------------------------------------------------------------------------------------
      219024           1       896.6       116.4        36.2      24.768     3.21547
      219024           5      4481.8       267.2          55     81.4873     4.85818
      219024          10      8969.4       450.6        67.4     133.077     6.68546
      219024         100     88512.2        3786         341     259.567     11.1026
----------------------------------------------------------------------------------------------------
      234256           1       964.2       123.4          38     25.3737     3.24737
      234256           5      4768.6       283.2        56.8     83.9542     4.98592
      234256          10      9491.6       482.6          73     130.022     6.61096
      234256         100     94883.6      4092.6       362.4      261.82      11.293
----------------------------------------------------------------------------------------------------
      250000           1      1026.2       128.6          41     25.0293     3.13659
      250000           5      5091.2       301.6        60.8     83.7368     4.96053
      250000          10     10212.4       511.2        76.2     134.021     6.70866
      250000         100      101325        4322       385.4      262.91     11.2143
----------------------------------------------------------------------------------------------------
