Running jacobi_stencil using 3 cores
    # blocks      Repeat      OpenMP         TBB    Taskflow    speedup1    speedup2
====================================================================================================
          16           1           0           0         0.8           0           0
          16           5           0           0         2.2           0           0
          16          10           0           0         0.8           0           0
          16         100         1.8           0         9.2    0.195652           0
----------------------------------------------------------------------------------------------------
         400           1           0           0           0        -nan        -nan
         400           5           2           0           0         inf        -nan
         400          10           4           0           0         inf        -nan
         400         100        49.6           2         8.8     5.63636    0.227273
----------------------------------------------------------------------------------------------------
        1296           1           1           0           0         inf        -nan
        1296           5         7.6           0           4         1.9           0
        1296          10        15.6           1         3.8     4.10526    0.263158
        1296         100       156.2           7         4.6     33.9565     1.52174
----------------------------------------------------------------------------------------------------
        2704           1           3         0.8         1.8     1.66667    0.444444
        2704           5        15.2           1         1.8     8.44444    0.555556
        2704          10          34           2         8.4     4.04762    0.238095
        2704         100       312.2        23.6         8.8     35.4773     2.68182
----------------------------------------------------------------------------------------------------
        4624           1           5           1         2.4     2.08333    0.416667
        4624           5          27           2         5.4           5     0.37037
        4624          10        56.2           4         6.6     8.51515    0.606061
        4624         100       553.6        53.6          16        34.6        3.35
----------------------------------------------------------------------------------------------------
        7056           1           8           2         0.2          40          10
        7056           5        41.4           4         5.6     7.39286    0.714286
        7056          10        83.6           6           4        20.9         1.5
        7056         100       848.8        87.4        23.6     35.9661     3.70339
----------------------------------------------------------------------------------------------------
       10000           1        11.4         3.4         3.4     3.35294           1
       10000           5        57.6           5         4.6     12.5217     1.08696
       10000          10       116.2         8.2           4       29.05        2.05
       10000         100        1165         130        31.4     37.1019     4.14013
----------------------------------------------------------------------------------------------------
       13456           1        15.2         4.2           4         3.8        1.05
       13456           5          79           7           4       19.75        1.75
       13456          10       161.2          11         4.6     35.0435      2.3913
       13456         100      1623.6       179.8        38.6     42.0622     4.65803
----------------------------------------------------------------------------------------------------
       17424           1        18.6         5.2         3.8     4.89474     1.36842
       17424           5        96.8           9         3.8     25.4737     2.36842
       17424          10       193.8        18.2           6        32.3     3.03333
       17424         100      1938.6       238.6        47.4     40.8987     5.03376
----------------------------------------------------------------------------------------------------
       21904           1        24.8         7.2         2.8     8.85714     2.57143
       21904           5         123          12           4       30.75           3
       21904          10         248        25.8         7.4     33.5135     3.48649
       21904         100      2505.6       297.6        57.6        43.5     5.16667
----------------------------------------------------------------------------------------------------
       26896           1        29.8         8.4           3     9.93333         2.8
       26896           5         152          18         5.2     29.2308     3.46154
       26896          10       303.8        36.8           9     33.7556     4.08889
       26896         100      3057.2         371        70.8     43.1808     5.24011
----------------------------------------------------------------------------------------------------
       32400           1          36        10.4         3.2       11.25        3.25
       32400           5       183.8        25.6         6.8     27.0294     3.76471
       32400          10         366        48.6          11     33.2727     4.41818
       32400         100      3669.6       456.6        83.2     44.1058     5.48798
----------------------------------------------------------------------------------------------------
       38416           1        42.8        13.2         4.2     10.1905     3.14286
       38416           5       217.8        32.8         8.6     25.3256     3.81395
       38416          10       434.4          59        13.4     32.4179     4.40299
       38416         100        4375       547.8         100       43.75       5.478
----------------------------------------------------------------------------------------------------
       44944           1        49.8        16.4         5.4     9.22222     3.03704
       44944           5       252.2        41.2        10.2     24.7255     4.03922
       44944          10         509        73.6          16     31.8125         4.6
       44944         100        5086         626         116     43.8448     5.39655
----------------------------------------------------------------------------------------------------
       51984           1        57.6        20.6         6.6     8.72727     3.12121
       51984           5       295.6        47.8        12.4     23.8387     3.85484
       51984          10       590.6        86.2        19.4     30.4433      4.4433
       51984         100      5917.8         733         133     44.4947     5.51128
----------------------------------------------------------------------------------------------------
       59536           1          67        24.2           8       8.375       3.025
       59536           5       340.6        56.4        15.4     22.1169     3.66234
       59536          10       673.4        98.4          23     29.2783     4.27826
       59536         100      6738.6       846.6       158.2     42.5954     5.35145
----------------------------------------------------------------------------------------------------
       67600           1        74.4        27.6        10.2     7.29412     2.70588
       67600           5         380        64.4          18     21.1111     3.57778
       67600          10       764.2         110        27.2     28.0956     4.04412
       67600         100      7672.2         965       185.6     41.3373     5.19935
----------------------------------------------------------------------------------------------------
       76176           1        85.4        31.2        11.6     7.36207     2.68966
       76176           5         427        72.6        21.8     19.5872     3.33028
       76176          10       865.2       122.6        31.8     27.2075     3.85535
       76176         100        8659        1110       219.4     39.4667     5.05925
----------------------------------------------------------------------------------------------------
       85264           1          95          35        13.2     7.19697     2.65152
       85264           5       485.4        84.2        24.8     19.5726     3.39516
       85264          10       971.8       142.6        37.2     26.1237     3.83333
       85264         100      9616.8        1204       257.2     37.3904     4.68118
----------------------------------------------------------------------------------------------------
       94864           1       105.6        39.6        14.6     7.23288     2.71233
       94864           5       539.2        92.2        28.4     18.9859     3.24648
       94864          10      1075.6       156.8        42.4     25.3679     3.69811
       94864         100     10817.6      1333.6       301.4     35.8912     4.42468
----------------------------------------------------------------------------------------------------
      104976           1         118          44        17.4     6.78161     2.52874
      104976           5         596        99.6        32.4     18.3951     3.07407
      104976          10        1196       174.4        48.6     24.6091     3.58848
      104976         100     11890.2      1522.6       348.8     34.0889     4.36525
----------------------------------------------------------------------------------------------------
      115600           1         129        48.6        18.6     6.93548      2.6129
      115600           5         649       112.8        36.2     17.9282     3.11602
      115600          10      1307.4         191        54.2     24.1218     3.52399
      115600         100     12996.2      1638.8       391.2     33.2214     4.18916
----------------------------------------------------------------------------------------------------
      126736           1         142        54.2        21.2     6.69811      2.5566
      126736           5         712         127        40.4     17.6238     3.14356
      126736          10      1420.8         211        61.6     23.0649     3.42532
      126736         100     14256.4      1791.2       440.6     32.3568     4.06537
----------------------------------------------------------------------------------------------------
      138384           1       153.8        58.6        23.6     6.51695     2.48305
      138384           5       779.2         137        45.4      17.163     3.01762
      138384          10      1552.2       234.6        67.8     22.8938     3.46018
      138384         100     15574.8      1999.6         494     31.5279     4.04777
----------------------------------------------------------------------------------------------------
      150544           1       170.4        65.8        25.8     6.60465     2.55039
      150544           5       849.8       147.2        49.8     17.0643     2.95582
      150544          10      1697.2       255.4        74.4     22.8118      3.4328
      150544         100     16999.2        2112       547.2     31.0658     3.85965
----------------------------------------------------------------------------------------------------
      163216           1       181.8        70.2        28.4     6.40141     2.47183
      163216           5         914       161.4          54     16.9259     2.98889
      163216          10      1828.2       270.8        82.6     22.1332     3.27845
      163216         100     18290.2      2274.8       605.8     30.1918     3.75503
----------------------------------------------------------------------------------------------------
      176400           1       198.8          76          31      6.4129     2.45161
      176400           5        1002       172.6          59     16.9831     2.92542
      176400          10      2019.8       292.2          90     22.4422     3.24667
      176400         100     20087.2        2485         661     30.3891     3.75946
----------------------------------------------------------------------------------------------------
      190096           1       216.4          83        33.8     6.40237     2.45562
      190096           5      1086.8         187          65       16.72     2.87692
      190096          10      2160.8         317        97.8     22.0941     3.24131
      190096         100     21709.4      2619.2       719.6     30.1687      3.6398
----------------------------------------------------------------------------------------------------
      204304           1       233.4          90        37.2     6.27419     2.41935
      204304           5        1170         204        71.6     16.3408     2.84916
      204304          10        2338       349.6         107     21.8505     3.26729
      204304         100       23361      2906.8         787     29.6836     3.69352
----------------------------------------------------------------------------------------------------
      219024           1       248.8        95.8        42.6     5.84038     2.24883
      219024           5        1244         217        76.8     16.1979     2.82552
      219024          10      2497.2       369.4         116     21.5276     3.18448
      219024         100       24927      3032.4         846     29.4645      3.5844
----------------------------------------------------------------------------------------------------
      234256           1       265.6       103.2        45.6     5.82456     2.26316
      234256           5      1327.2       232.8        83.6     15.8756     2.78469
      234256          10      2641.8       402.2       124.8     21.1683     3.22276
      234256         100     26516.6      3371.6       918.4     28.8726     3.67117
----------------------------------------------------------------------------------------------------
      250000           1       281.8         111        45.8     6.15284     2.42358
      250000           5      1406.2       248.6          95     14.8021     2.61684
      250000          10      2797.8       424.2       134.6      20.786     3.15156
      250000         100     28117.6      3474.6       990.6     28.3844     3.50757
----------------------------------------------------------------------------------------------------
