Running jacobi_stencil using 4 cores
    # blocks      Repeat      OpenMP         TBB    Taskflow    speedup1    speedup2
====================================================================================================
          16           1           0           0           0        -nan        -nan
          16           5           0           0         4.2           0           0
          16          10         0.2           0         2.4   0.0833333           0
          16         100           2           0           0         inf        -nan
----------------------------------------------------------------------------------------------------
         400           1           0           0           0        -nan        -nan
         400           5           2           0           0         inf        -nan
         400          10         4.4           0         2.4     1.83333           0
         400         100        50.8           2         5.2     9.76923    0.384615
----------------------------------------------------------------------------------------------------
        1296           1           1           0         2.2    0.454545           0
        1296           5           8         0.2           0         inf         inf
        1296          10        15.6           1         2.8     5.57143    0.357143
        1296         100       164.8         7.6         7.2     22.8889     1.05556
----------------------------------------------------------------------------------------------------
        2704           1           3         0.4         1.8     1.66667    0.222222
        2704           5          17           1         2.8     6.07143    0.357143
        2704          10        34.4           2         5.4     6.37037     0.37037
        2704         100         341        24.6           9     37.8889     2.73333
----------------------------------------------------------------------------------------------------
        4624           1         5.2         1.2         3.4     1.52941    0.352941
        4624           5        28.6           2         2.6          11    0.769231
        4624          10        59.2           4         4.4     13.4545    0.909091
        4624         100       591.4          54        13.8     42.8551     3.91304
----------------------------------------------------------------------------------------------------
        7056           1         8.2         2.2         3.6     2.27778    0.611111
        7056           5        43.8           4         3.4     12.8824     1.17647
        7056          10          92           6         5.4      17.037     1.11111
        7056         100         893        88.6        19.8      45.101     4.47475
----------------------------------------------------------------------------------------------------
       10000           1        11.8         3.2         3.2      3.6875           1
       10000           5        62.6           5           5       12.52           1
       10000          10       125.6           8           5       25.12         1.6
       10000         100      1253.2       132.8          27     46.4148     4.91852
----------------------------------------------------------------------------------------------------
       13456           1        16.4         4.2         4.8     3.41667       0.875
       13456           5        85.2           7         4.6     18.5217     1.52174
       13456          10       167.2          11           4        41.8        2.75
       13456         100      1760.8       180.2        33.8     52.0947     5.33136
----------------------------------------------------------------------------------------------------
       17424           1          21         5.2         4.8       4.375     1.08333
       17424           5       103.2           9         3.6     28.6667         2.5
       17424          10         222        18.2           5        44.4        3.64
       17424         100        2218         246        40.4      54.901     6.08911
----------------------------------------------------------------------------------------------------
       21904           1        26.8         7.2         3.6     7.44444           2
       21904           5       133.4          12           4       33.35           3
       21904          10       263.2        27.6         6.2     42.4516     4.45161
       21904         100      2765.2       309.2          49     56.4327      6.3102
----------------------------------------------------------------------------------------------------
       26896           1        32.6         8.4           3     10.8667         2.8
       26896           5       167.8          18         4.8     34.9583        3.75
       26896          10         335        38.4         7.8     42.9487     4.92308
       26896         100      3340.4       387.8        58.6     57.0034     6.61775
----------------------------------------------------------------------------------------------------
       32400           1        39.8        10.4         3.4     11.7059     3.05882
       32400           5       203.2          26           6     33.8667     4.33333
       32400          10       402.8        48.6         9.2     43.7826     5.28261
       32400         100      4078.6       469.8        69.8     58.4327     6.73066
----------------------------------------------------------------------------------------------------
       38416           1        47.2        13.2           4        11.8         3.3
       38416           5         237        34.6         7.6     31.1842     4.55263
       38416          10       486.8          61        11.6     41.9655     5.25862
       38416         100      4827.2         559        80.4     60.0398     6.95274
----------------------------------------------------------------------------------------------------
       44944           1          55        16.4         5.2     10.5769     3.15385
       44944           5       268.2        41.2         9.2     29.1522     4.47826
       44944          10       549.2        73.4        13.4     40.9851     5.47761
       44944         100        5444       647.2        93.8     58.0384     6.89979
----------------------------------------------------------------------------------------------------
       51984           1          63        20.6         6.6     9.54545     3.12121
       51984           5       313.2        50.8          11     28.4727     4.61818
       51984          10       625.6        86.8        16.8     37.2381     5.16667
       51984         100      6261.4       750.2       108.4      57.762     6.92066
----------------------------------------------------------------------------------------------------
       59536           1        74.2        24.4           8       9.275        3.05
       59536           5       368.4        59.2          13     28.3385     4.55385
       59536          10       740.4        99.4        20.2     36.6535     4.92079
       59536         100      7386.6       874.6       125.8      58.717     6.95231
----------------------------------------------------------------------------------------------------
       67600           1          83        28.2         9.6     8.64583      2.9375
       67600           5         417        66.8        15.6     26.7308     4.28205
       67600          10       828.8       115.8        24.4     33.9672      4.7459
       67600         100      8300.4         988       147.2     56.3886     6.71196
----------------------------------------------------------------------------------------------------
       76176           1        94.4        31.2        10.6     8.90566      2.9434
       76176           5         468          74          19     24.6316     3.89474
       76176          10       935.6       125.4        28.2     33.1773     4.44681
       76176         100      9365.8      1113.8       172.4      54.326     6.46056
----------------------------------------------------------------------------------------------------
       85264           1       105.2        35.6        12.4     8.48387     2.87097
       85264           5       520.8        84.6        22.2     23.4595     3.81081
       85264          10      1041.2       145.2        32.2     32.3354     4.50932
       85264         100     10431.4      1214.6         203     51.3862     5.98325
----------------------------------------------------------------------------------------------------
       94864           1       117.4        39.4          14     8.38571     2.81429
       94864           5       581.6        93.2        25.4     22.8976     3.66929
       94864          10        1161         164        36.4     31.8956     4.50549
       94864         100     11629.8      1353.2       236.4     49.1954      5.7242
----------------------------------------------------------------------------------------------------
      104976           1       129.4          45        16.2     7.98765     2.77778
      104976           5       640.8       103.4          29     22.0966     3.56552
      104976          10        1281       179.2        41.8     30.6459     4.28708
      104976         100     12815.2        1551       275.6     46.4993     5.62772
----------------------------------------------------------------------------------------------------
      115600           1       142.2        49.6        17.6     8.07955     2.81818
      115600           5         706       116.2          33     21.3939     3.52121
      115600          10      1409.8       197.8        47.4     29.7426       4.173
      115600         100     14137.4      1683.8       307.4     45.9902     5.47755
----------------------------------------------------------------------------------------------------
      126736           1       156.8        54.4          20        7.84        2.72
      126736           5       773.6       126.2        35.4     21.8531     3.56497
      126736          10      1547.4       218.6        51.8     29.8726     4.22008
      126736         100     15501.4      1860.4         346     44.8017     5.37688
----------------------------------------------------------------------------------------------------
      138384           1       170.6          60          22     7.75455     2.72727
      138384           5       842.6       139.4        39.2     21.4949     3.55612
      138384          10      1686.2       236.2        57.8      29.173     4.08651
      138384         100     16915.2        1976       391.8      43.173     5.04339
----------------------------------------------------------------------------------------------------
      150544           1       185.4          66        24.4     7.59836     2.70492
      150544           5         918       153.2          44     20.8636     3.48182
      150544          10      1837.2         259        64.4      28.528     4.02174
      150544         100     18390.4      2200.4       429.8     42.7883     5.11959
----------------------------------------------------------------------------------------------------
      163216           1       201.8        72.4        26.8     7.52985     2.70149
      163216           5       995.8         164        48.2     20.6598     3.40249
      163216          10        1995       283.4        70.6     28.2578     4.01416
      163216         100     19991.8      2322.6       478.2     41.8064     4.85696
----------------------------------------------------------------------------------------------------
      176400           1         218        78.8        29.2     7.46575     2.69863
      176400           5        1082       178.4        53.6     20.1866     3.32836
      176400          10        2165       304.2        77.2      28.044     3.94041
      176400         100     21650.4      2562.6       524.8     41.2546       4.883
----------------------------------------------------------------------------------------------------
      190096           1       234.4        83.4        32.2      7.2795     2.59006
      190096           5      1164.4         192        58.4     19.9384     3.28767
      190096          10      2329.4       333.8        84.2     27.6651     3.96437
      190096         100     23321.6      2824.6       570.2     40.9007      4.9537
----------------------------------------------------------------------------------------------------
      204304           1       253.2        91.4        36.2     6.99448     2.52486
      204304           5      1251.8       207.4          64     19.5594     3.24063
      204304          10        2505       348.4        92.2     27.1692     3.77874
      204304         100     25058.2      3052.2       621.8     40.2995     4.90865
----------------------------------------------------------------------------------------------------
      219024           1       270.2        98.8        38.2      7.0733     2.58639
      219024           5      1340.6       224.2        67.2     19.9494     3.33631
      219024          10      2678.6       379.4        97.4      27.501     3.89528
      219024         100     26807.2      3111.6       662.4     40.4698     4.69746
----------------------------------------------------------------------------------------------------
      234256           1         288       106.6        40.6      7.0936     2.62562
      234256           5      1429.6       238.2          74     19.3189     3.21892
      234256          10      2861.6       406.8       106.2     26.9454     3.83051
      234256         100       28640      3408.8       722.4     39.6456     4.71872
----------------------------------------------------------------------------------------------------
      250000           1       306.8       112.8        42.8     7.16822     2.63551
      250000           5      1526.6       252.8        77.4     19.7235     3.26615
      250000          10        3054       431.8       111.2      27.464     3.88309
      250000         100       30560      3671.6       775.8     39.3916     4.73266
----------------------------------------------------------------------------------------------------
