Running jacobi_stencil using 7 cores
    # blocks      Repeat      OpenMP         TBB    Taskflow    speedup1    speedup2
====================================================================================================
          16           1           0           0           6           0           0
          16           5           0           0           1           0           0
          16          10           0           0         0.2           0           0
          16         100         2.6           0         8.8    0.295455           0
----------------------------------------------------------------------------------------------------
         400           1           0           0         2.8           0           0
         400           5           3           0         3.4    0.882353           0
         400          10           7         0.2         6.2     1.12903   0.0322581
         400         100          76           2           8         9.5        0.25
----------------------------------------------------------------------------------------------------
        1296           1           2         0.4         2.4    0.833333    0.166667
        1296           5          12           0         5.8     2.06897           0
        1296          10        24.6           1         8.6     2.86047    0.116279
        1296         100         245           8         7.2     34.0278     1.11111
----------------------------------------------------------------------------------------------------
        2704           1         4.8         0.4           9    0.533333   0.0444444
        2704           5        27.2           1         6.4        4.25     0.15625
        2704          10        50.6           2         7.4     6.83784     0.27027
        2704         100       509.2        25.4           9     56.5778     2.82222
----------------------------------------------------------------------------------------------------
        4624           1           8         1.2         6.6     1.21212    0.181818
        4624           5        43.2           2         7.6     5.68421    0.263158
        4624          10        86.8           4         5.8     14.9655    0.689655
        4624         100       875.8          57        15.8     55.4304     3.60759
----------------------------------------------------------------------------------------------------
        7056           1          13           2         6.8     1.91176    0.294118
        7056           5        67.2           4         5.4     12.4444    0.740741
        7056          10       132.4           6         5.6     23.6429     1.07143
        7056         100      1332.4        96.4        18.4      72.413     5.23913
----------------------------------------------------------------------------------------------------
       10000           1        18.6         3.2         7.2     2.58333    0.444444
       10000           5        95.4           5         5.2     18.3462    0.961538
       10000          10       188.4           8         4.2     44.8571     1.90476
       10000         100      1882.2         140        23.4     80.4359     5.98291
----------------------------------------------------------------------------------------------------
       13456           1        24.8         4.2           6     4.13333         0.7
       13456           5       127.4         7.4         4.6     27.6957      1.6087
       13456          10       253.2        11.8           4        63.3        2.95
       13456         100      2548.2       194.6        30.6     83.2745     6.35948
----------------------------------------------------------------------------------------------------
       17424           1        32.6         5.2           5        6.52        1.04
       17424           5       165.4          10           3     55.1333     3.33333
       17424          10       331.8        19.4           5       66.36        3.88
       17424         100      3292.4       256.8          38     86.6421     6.75789
----------------------------------------------------------------------------------------------------
       21904           1        41.4         7.2         3.6        11.5           2
       21904           5         209        12.6           4       52.25        3.15
       21904          10       416.2        28.8           6     69.3667         4.8
       21904         100      4174.8       318.6          46     90.7565     6.92609
----------------------------------------------------------------------------------------------------
       26896           1        50.4         9.2           3        16.8     3.06667
       26896           5       257.2          19           5       51.44         3.8
       26896          10         510        39.2         7.8     65.3846     5.02564
       26896         100      5149.8         403        58.2     88.4845      6.9244
----------------------------------------------------------------------------------------------------
       32400           1        62.6        11.2         3.2     19.5625         3.5
       32400           5       311.2          27         6.2     50.1935     4.35484
       32400          10         620        51.4         9.4     65.9574     5.46809
       32400         100      6122.4       486.4        66.4     92.2048      7.3253
----------------------------------------------------------------------------------------------------
       38416           1        73.6        13.4         4.2     17.5238     3.19048
       38416           5       367.6        35.8         7.6     48.3684     4.71053
       38416          10       729.6          64          11     66.3273     5.81818
       38416         100        7264       566.4        75.2     96.5957     7.53191
----------------------------------------------------------------------------------------------------
       44944           1        86.2          17         5.2     16.5769     3.26923
       44944           5       426.6        43.2           9        47.4         4.8
       44944          10       851.4        76.6        13.4     63.5373     5.71642
       44944         100      8498.6       667.8        87.6      97.016     7.62329
----------------------------------------------------------------------------------------------------
       51984           1       100.4        21.6         6.8     14.7647     3.17647
       51984           5         491        51.2          10        49.1        5.12
       51984          10       978.4        89.8        15.6     62.7179     5.75641
       51984         100      9908.4         786        95.6     103.644     8.22176
----------------------------------------------------------------------------------------------------
       59536           1       114.2        25.4         8.2     13.9268     3.09756
       59536           5       558.6        59.4        12.2     45.7869     4.86885
       59536          10      1128.6       102.4          18        62.7     5.68889
       59536         100       11278       883.4       109.4      103.09     8.07495
----------------------------------------------------------------------------------------------------
       67600           1       131.4        28.4           9        14.6     3.15556
       67600           5       642.6        68.8        14.8     43.4189     4.64865
       67600          10      1289.6       119.2        21.4     60.2617     5.57009
       67600         100     12951.8      1008.8         120     107.932     8.40667
----------------------------------------------------------------------------------------------------
       76176           1       145.8        32.4        10.6     13.7547      3.0566
       76176           5       734.4        79.2        17.4     42.2069     4.55172
       76176          10        1435         133        23.8     60.2941     5.58824
       76176         100     14570.8      1134.8       136.2     106.981     8.33186
----------------------------------------------------------------------------------------------------
       85264           1       164.4          36        12.2     13.4754     2.95082
       85264           5       816.4        86.6        19.8     41.2323     4.37374
       85264          10      1614.6         150        27.2     59.3603     5.51471
       85264         100     16124.4      1262.4         157     102.703     8.04076
----------------------------------------------------------------------------------------------------
       94864           1       182.8        41.4        13.6     13.4412     3.04412
       94864           5       914.2        96.6          22     41.5545     4.39091
       94864          10        1783       167.4        31.6     56.4241     5.29747
       94864         100       17807      1404.2       178.8     99.5917     7.85347
----------------------------------------------------------------------------------------------------
      104976           1         201        45.4        15.6     12.8846     2.91026
      104976           5       985.4         107        25.2     39.1032     4.24603
      104976          10        1989       182.8        35.6     55.8708     5.13483
      104976         100       19641        1556         205     95.8098     7.59024
----------------------------------------------------------------------------------------------------
      115600           1       221.8        51.8        17.4     12.7471     2.97701
      115600           5      1092.2       119.4        28.6     38.1888     4.17483
      115600          10        2175       202.2        39.8     54.6482      5.0804
      115600         100     21650.4      1709.6       225.4     96.0532     7.58474
----------------------------------------------------------------------------------------------------
      126736           1         243        56.2          19     12.7895     2.95789
      126736           5      1187.2       129.4        31.6     37.5696     4.09494
      126736          10        2407       221.2        45.4     53.0176     4.87225
      126736         100     23956.2      1877.6       255.6     93.7254     7.34585
----------------------------------------------------------------------------------------------------
      138384           1       262.8        61.6          21     12.5143     2.93333
      138384           5      1319.6         142        35.2     37.4886     4.03409
      138384          10      2624.6       242.8          49     53.5633      4.9551
      138384         100       26036      2062.4       284.2     91.6115     7.25686
----------------------------------------------------------------------------------------------------
      150544           1       290.6        67.8        23.4     12.4188     2.89744
      150544           5      1419.2       153.6          39     36.3897     3.93846
      150544          10        2840         262        53.6     52.9851     4.88806
      150544         100     28545.4      2219.4       312.4     91.3745     7.10435
----------------------------------------------------------------------------------------------------
      163216           1       316.2        75.2        25.6     12.3516      2.9375
      163216           5        1549       166.6          44     35.2045     3.78636
      163216          10        3109       285.6        60.2     51.6445     4.74419
      163216         100     30721.2      2414.8       340.4     90.2503     7.09401
----------------------------------------------------------------------------------------------------
      176400           1       337.8        81.4        28.2     11.9787     2.88652
      176400           5      1661.4       184.4        48.4     34.3264     3.80992
      176400          10      3355.4       312.2        64.4     52.1025     4.84783
      176400         100     32886.6      2602.8       378.2     86.9556     6.88207
----------------------------------------------------------------------------------------------------
      190096           1         360        87.4        30.6     11.7647     2.85621
      190096           5      1791.6       195.6          51     35.1294     3.83529
      190096          10      3602.8       331.6        71.2     50.6011      4.6573
      190096         100     36277.2      2802.4       403.2     89.9732      6.9504
----------------------------------------------------------------------------------------------------
      204304           1       391.4        93.4        34.2     11.4444     2.73099
      204304           5      1929.2       212.8        57.2     33.7273     3.72028
      204304          10      3863.4       361.8        77.4     49.9147     4.67442
      204304         100     38268.4        3034       443.2     86.3457     6.84567
----------------------------------------------------------------------------------------------------
      219024           1       414.2       101.6        37.2     11.1344     2.73118
      219024           5      2050.6         229        60.4     33.9503     3.79139
      219024          10        4117       386.2          83     49.6024     4.65301
      219024         100     41576.8      3252.8         473     87.9002     6.87696
----------------------------------------------------------------------------------------------------
      234256           1         448       109.6        39.6     11.3131     2.76768
      234256           5      2196.6       244.8        64.6     34.0031     3.78947
      234256          10      4396.6       418.2        88.4     49.7353     4.73077
      234256         100     44040.4        3458       511.8       86.05     6.75655
----------------------------------------------------------------------------------------------------
      250000           1         477       116.8          41     11.6341     2.84878
      250000           5      2361.8       260.4        67.8     34.8348     3.84071
      250000          10      4731.6       439.8          94     50.3362     4.67872
      250000         100       46794      3707.8       544.8     85.8921      6.8058
----------------------------------------------------------------------------------------------------
