Running jacobi_stencil using 2 cores
    # blocks      Repeat      OpenMP         TBB    Taskflow    speedup1    speedup2
====================================================================================================
          16           1           0           0           0        -nan        -nan
          16           5           0           0         2.4           0           0
          16          10           0           0           0        -nan        -nan
          16         100         2.4           0           0         inf        -nan
----------------------------------------------------------------------------------------------------
         400           1           0           0         0.8           0           0
         400           5           2           0           2           1           0
         400          10         3.6           0         2.8     1.28571           0
         400         100        41.6           2         4.4     9.45455    0.454545
----------------------------------------------------------------------------------------------------
        1296           1           1           0           0         inf        -nan
        1296           5           7         0.2         3.4     2.05882   0.0588235
        1296          10        14.4           1         4.6     3.13043    0.217391
        1296         100       140.8           7         5.6     25.1429        1.25
----------------------------------------------------------------------------------------------------
        2704           1         2.2         0.2           0         inf         inf
        2704           5          14           1         3.4     4.11765    0.294118
        2704          10        27.4           2         4.6     5.95652    0.434783
        2704         100       262.6          18        13.2     19.8939     1.36364
----------------------------------------------------------------------------------------------------
        4624           1         4.4           1         1.6        2.75       0.625
        4624           5        24.6           2         4.4     5.59091    0.454545
        4624          10        50.6           3         4.4        11.5    0.681818
        4624         100       457.4        43.2        21.6     21.1759           2
----------------------------------------------------------------------------------------------------
        7056           1         7.4           2         1.8     4.11111     1.11111
        7056           5        37.2           3         4.2     8.85714    0.714286
        7056          10        73.8           5         4.8      15.375     1.04167
        7056         100         741          78        28.2     26.2766     2.76596
----------------------------------------------------------------------------------------------------
       10000           1         9.6         3.2         2.2     4.36364     1.45455
       10000           5        49.8           5           5        9.96           1
       10000          10       101.8           8         4.4     23.1364     1.81818
       10000         100       935.6       108.2        37.6      24.883     2.87766
----------------------------------------------------------------------------------------------------
       13456           1        13.8         4.2         1.8     7.66667     2.33333
       13456           5        65.4           7           4       16.35        1.75
       13456          10       128.6          11         5.6     22.9643     1.96429
       13456         100      1284.2       171.8        49.6     25.8911     3.46371
----------------------------------------------------------------------------------------------------
       17424           1        17.6         5.6         3.2         5.5        1.75
       17424           5        82.4           9           5       16.48         1.8
       17424          10       162.8        15.4         7.2     22.6111     2.13889
       17424         100      1626.8       216.6        63.2     25.7405     3.42722
----------------------------------------------------------------------------------------------------
       21904           1        20.6         6.4         3.6     5.72222     1.77778
       21904           5       101.6        11.4         5.2     19.5385     2.19231
       21904          10       205.8        23.6           9     22.8667     2.62222
       21904         100      2042.8         273        79.4      25.728     3.43829
----------------------------------------------------------------------------------------------------
       26896           1        23.4         8.2           3         7.8     2.73333
       26896           5       118.4        16.6           7     16.9143     2.37143
       26896          10       237.6        29.6          12        19.8     2.46667
       26896         100      2368.8       340.8        96.6     24.5217     3.52795
----------------------------------------------------------------------------------------------------
       32400           1          28        10.2         3.8     7.36842     2.68421
       32400           5       141.4        24.2         8.4     16.8333     2.88095
       32400          10       282.6        41.4        14.6     19.3562     2.83562
       32400         100      2818.8         419         116        24.3     3.61207
----------------------------------------------------------------------------------------------------
       38416           1        32.2        12.4         4.6           7     2.69565
       38416           5       162.2        30.8        10.2      15.902     3.01961
       38416          10       324.8          50        17.8     18.2472     2.80899
       38416         100      3255.8         502       136.6     23.8346     3.67496
----------------------------------------------------------------------------------------------------
       44944           1        38.6        15.8           6     6.43333     2.63333
       44944           5       193.2        35.8        13.2     14.6364     2.71212
       44944          10       387.6        67.2        21.2      18.283     3.16981
       44944         100        3865       597.6       161.6     23.9171     3.69802
----------------------------------------------------------------------------------------------------
       51984           1        44.6        19.6         7.4     6.02703     2.64865
       51984           5       224.4        41.4        17.6       12.75     2.35227
       51984          10         448        79.6        25.6        17.5     3.10938
       51984         100      4515.6       689.4       189.6     23.8165     3.63608
----------------------------------------------------------------------------------------------------
       59536           1        49.6          23         8.8     5.63636     2.61364
       59536           5       247.4          53        19.2     12.8854     2.76042
       59536          10         495        92.6        30.8     16.0714     3.00649
       59536         100      5017.6       824.4       224.2       22.38     3.67707
----------------------------------------------------------------------------------------------------
       67600           1          57        26.2          11     5.18182     2.38182
       67600           5       293.6        61.4        23.2     12.6552     2.64655
       67600          10       564.8       107.6          36     15.6889     2.98889
       67600         100      5685.8       884.6       272.4      20.873     3.24743
----------------------------------------------------------------------------------------------------
       76176           1        63.2        30.2        12.6     5.01587     2.39683
       76176           5       313.2        67.4          27        11.6      2.4963
       76176          10       628.8       120.6        42.4     14.8302     2.84434
       76176         100      6352.2         995       319.8      19.863     3.11132
----------------------------------------------------------------------------------------------------
       85264           1          71        33.2        14.4     4.93056     2.30556
       85264           5       356.8        77.2        31.2     11.4359     2.47436
       85264          10       713.6       131.4        49.4     14.4453     2.65992
       85264         100      7102.6      1135.2       384.4     18.4771     2.95317
----------------------------------------------------------------------------------------------------
       94864           1          80        38.6        16.4     4.87805     2.35366
       94864           5         397        87.4          35     11.3429     2.49714
       94864          10         802         146        56.6     14.1696     2.57951
       94864         100      7979.2      1257.2       449.6     17.7473     2.79626
----------------------------------------------------------------------------------------------------
      104976           1        88.4        42.4        18.6     4.75269     2.27957
      104976           5       441.4          96        40.2     10.9801     2.38806
      104976          10       882.4       165.6        64.6     13.6594     2.56347
      104976         100        8830      1384.4       521.8     16.9222     2.65312
----------------------------------------------------------------------------------------------------
      115600           1       101.4        46.2        20.8       4.875     2.22115
      115600           5       477.8       107.4        44.6      10.713     2.40807
      115600          10       980.4       183.8        71.4     13.7311     2.57423
      115600         100      9678.2        1533         571     16.9496     2.68476
----------------------------------------------------------------------------------------------------
      126736           1       110.2        51.8        24.4     4.51639     2.12295
      126736           5       526.4       114.6        49.4     10.6559     2.31984
      126736          10      1053.2       203.6          80      13.165       2.545
      126736         100     10578.8        1656       634.8     16.6648      2.6087
----------------------------------------------------------------------------------------------------
      138384           1       116.4        55.4        25.8     4.51163     2.14729
      138384           5       563.6       129.4        54.4     10.3603     2.37868
      138384          10      1129.8       222.2        87.2     12.9564     2.54817
      138384         100     11347.4      1859.4       708.4     16.0184     2.62479
----------------------------------------------------------------------------------------------------
      150544           1       126.4        61.2        28.4      4.4507     2.15493
      150544           5       628.6       141.6        60.2     10.4419     2.35216
      150544          10      1264.2         235          97      13.033     2.42268
      150544         100     12694.8      2048.2       777.8     16.3214     2.63332
----------------------------------------------------------------------------------------------------
      163216           1       135.2        67.2          31     4.36129     2.16774
      163216           5       663.2       151.2          67     9.89851     2.25672
      163216          10      1325.2         262       107.6      12.316     2.43494
      163216         100     13328.4      2168.6       860.2     15.4945     2.52104
----------------------------------------------------------------------------------------------------
      176400           1         146        72.2        34.4     4.24419     2.09884
      176400           5       723.8         164          72     10.0528     2.27778
      176400          10        1451       279.4       117.4     12.3595      2.3799
      176400         100     14566.4        2301       942.4     15.4567     2.44164
----------------------------------------------------------------------------------------------------
      190096           1         160        78.6          37     4.32432     2.12432
      190096           5       784.8       178.4          79     9.93418     2.25823
      190096          10        1564         299       127.8     12.2379     2.33959
      190096         100     15730.4      2583.4      1025.4     15.3407     2.51941
----------------------------------------------------------------------------------------------------
      204304           1       170.6        84.2        43.2     3.94907     1.94907
      204304           5         864       191.8        90.6     9.53642       2.117
      204304          10        1732       323.4       138.8     12.4784     2.32997
      204304         100     17341.6      2683.2        1120     15.4836     2.39571
----------------------------------------------------------------------------------------------------
      219024           1         184        90.6        45.2      4.0708     2.00442
      219024           5       912.2       206.6        91.6     9.95852     2.25546
      219024          10      1823.4         353         153     11.9176     2.30719
      219024         100     18331.4      2965.6      1211.6     15.1299     2.44767
----------------------------------------------------------------------------------------------------
      234256           1       198.6        97.6        48.4     4.10331     2.01653
      234256           5       976.4       219.4        98.8     9.88259     2.22065
      234256          10      1948.8       379.4         160       12.18     2.37125
      234256         100     19617.6      3120.6      1311.2     14.9616     2.37996
----------------------------------------------------------------------------------------------------
      250000           1       209.2       105.6        50.6     4.13439     2.08696
      250000           5      1046.8       240.2         105     9.96952     2.28762
      250000          10      2103.6       399.2       169.4     12.4179     2.35655
      250000         100     21082.6      3334.6      1414.8     14.9015     2.35694
----------------------------------------------------------------------------------------------------
