Running jacobi_stencil using 10 cores
    # blocks      Repeat      OpenMP         TBB    Taskflow    speedup1    speedup2
====================================================================================================
          16           1           6           0         5.2     1.15385           0
          16           5           0           0           0        -nan        -nan
          16          10           0           0           3           0           0
          16         100           4           0         0.4          10           0
----------------------------------------------------------------------------------------------------
         400           1           1           0           0         inf        -nan
         400           5           5           0         7.6    0.657895           0
         400          10          11           0          12    0.916667           0
         400         100       110.8         2.2           8       13.85       0.275
----------------------------------------------------------------------------------------------------
        1296           1           3         0.6         5.2    0.576923    0.115385
        1296           5        17.8           0         9.8     1.81633           0
        1296          10        35.8           1         9.6     3.72917    0.104167
        1296         100       360.4           9           8       45.05       1.125
----------------------------------------------------------------------------------------------------
        2704           1           7           1         4.8     1.45833    0.208333
        2704           5        37.4           1         9.6     3.89583    0.104167
        2704          10        74.8           2         8.6     8.69767    0.232558
        2704         100         752        28.2         9.2     81.7391     3.06522
----------------------------------------------------------------------------------------------------
        4624           1        12.6         1.4         7.2        1.75    0.194444
        4624           5        64.6           3           9     7.17778    0.333333
        4624          10       130.8           4         6.4     20.4375       0.625
        4624         100      1293.2          62        15.2     85.0789     4.07895
----------------------------------------------------------------------------------------------------
        7056           1        19.8         2.2         8.2     2.41463    0.268293
        7056           5        98.6           4           8      12.325         0.5
        7056          10       197.8           7         6.4     30.9062     1.09375
        7056         100      1972.6       104.6          20       98.63        5.23
----------------------------------------------------------------------------------------------------
       10000           1        27.2         3.2         7.8     3.48718    0.410256
       10000           5       138.6           6           6        23.1           1
       10000          10       280.8           9           5       56.16         1.8
       10000         100      2796.8       150.8        26.6     105.143     5.66917
----------------------------------------------------------------------------------------------------
       13456           1        39.6         5.2           7     5.65714    0.742857
       13456           5       185.8           8         4.8     38.7083     1.66667
       13456          10       374.6        13.2         4.6     81.4348     2.86957
       13456         100      3781.4       212.6        34.6     109.289     6.14451
----------------------------------------------------------------------------------------------------
       17424           1        47.8         6.2         5.6     8.53571     1.10714
       17424           5       242.4          11         3.2       75.75      3.4375
       17424          10       485.2        21.2         5.6     86.6429     3.78571
       17424         100      4801.8       277.4        42.2     113.787     6.57346
----------------------------------------------------------------------------------------------------
       21904           1        61.8         8.2           4       15.45        2.05
       21904           5       304.6          14         4.6     66.2174     3.04348
       21904          10       601.4        31.8         7.2     83.5278     4.41667
       21904         100        6069       358.2        52.8     114.943     6.78409
----------------------------------------------------------------------------------------------------
       26896           1        75.2        10.2         3.2        23.5      3.1875
       26896           5       380.8          21         5.8     65.6552     3.62069
       26896          10       742.2        43.2         8.8     84.3409     4.90909
       26896         100        7504       447.2          64      117.25      6.9875
----------------------------------------------------------------------------------------------------
       32400           1        89.6        12.2           4        22.4        3.05
       32400           5       450.8        29.4           7        64.4         4.2
       32400          10       911.6        56.2        10.2     89.3725      5.5098
       32400         100      8952.4       531.6          72     124.339     7.38333
----------------------------------------------------------------------------------------------------
       38416           1         108        15.2           5        21.6        3.04
       38416           5       522.2        38.6         8.4     62.1667     4.59524
       38416          10      1060.2        70.8          12       88.35         5.9
       38416         100     10631.8       624.4        83.4      127.48     7.48681
----------------------------------------------------------------------------------------------------
       44944           1         126        18.8           6          21     3.13333
       44944           5       624.6        47.4          10       62.46        4.74
       44944          10      1252.6          84        14.8     84.6351     5.67568
       44944         100     12500.8       727.8        92.6     134.998     7.85961
----------------------------------------------------------------------------------------------------
       51984           1         146        23.6           7     20.8571     3.37143
       51984           5         711        56.2        11.6     61.2931     4.84483
       51984          10      1452.2        97.8        16.6     87.4819     5.89157
       51984         100     14532.2       857.6        99.8     145.613     8.59319
----------------------------------------------------------------------------------------------------
       59536           1       166.2          28         8.2     20.2683     3.41463
       59536           5         822        65.6          13     63.2308     5.04615
       59536          10        1674       113.4          20        83.7        5.67
       59536         100     16634.6       972.6       109.6     151.776     8.87409
----------------------------------------------------------------------------------------------------
       67600           1       187.6        31.8         9.8     19.1429      3.2449
       67600           5       936.2        75.2        15.8     59.2532     4.75949
       67600          10      1856.2       130.8        21.8     85.1468           6
       67600         100       18764        1122       121.4     154.563     9.24217
----------------------------------------------------------------------------------------------------
       76176           1       213.8        35.8        11.2     19.0893     3.19643
       76176           5      1070.4        85.4          18     59.4667     4.74444
       76176          10      2112.8       148.2        24.6     85.8862     6.02439
       76176         100     21249.2      1250.8         137     155.104     9.12993
----------------------------------------------------------------------------------------------------
       85264           1         235        40.4        13.2      17.803     3.06061
       85264           5      1190.6          95          20       59.53        4.75
       85264          10      2374.6         166        27.8     85.4173     5.97122
       85264         100       23863      1386.2         153     155.967     9.06013
----------------------------------------------------------------------------------------------------
       94864           1       266.2          45        14.8     17.9865     3.04054
       94864           5        1328       107.4        22.4     59.2857     4.79464
       94864          10        2667       185.2        30.8     86.5909     6.01299
       94864         100     26609.4      1563.4       169.2     157.266     9.23995
----------------------------------------------------------------------------------------------------
      104976           1       291.2        50.6          16        18.2      3.1625
      104976           5      1448.8       118.8        25.4     57.0394     4.67717
      104976          10      2888.4       203.4        35.2     82.0568     5.77841
      104976         100     29332.6        1722       193.4     151.668     8.90383
----------------------------------------------------------------------------------------------------
      115600           1       324.2        56.4        17.8     18.2135     3.16854
      115600           5      1599.6       132.8        28.8     55.5417     4.61111
      115600          10      3154.6       223.4          39     80.8872     5.72821
      115600         100     32041.6      1935.8         217     147.657     8.92074
----------------------------------------------------------------------------------------------------
      126736           1       355.6        62.2        20.2      17.604     3.07921
      126736           5      1754.4       145.8        32.2     54.4845     4.52795
      126736          10      3500.6       249.8        43.2     81.0324     5.78241
      126736         100     35450.2      2117.8       236.8     149.705     8.94341
----------------------------------------------------------------------------------------------------
      138384           1         380          68        21.4      17.757     3.17757
      138384           5      1911.8       159.4        35.2     54.3125     4.52841
      138384          10      3874.8       268.8        48.6     79.7284     5.53086
      138384         100       38576      2270.8         265      145.57     8.56906
----------------------------------------------------------------------------------------------------
      150544           1       430.6        75.8        24.4     17.6475     3.10656
      150544           5        2090       176.4        39.2     53.3163         4.5
      150544          10        4233       299.4        53.6     78.9739     5.58582
      150544         100     42089.6      2530.2         290     145.137     8.72483
----------------------------------------------------------------------------------------------------
      163216           1       455.6        81.2        26.8          17     3.02985
      163216           5      2260.4       188.8        43.4     52.0829     4.35023
      163216          10      4497.2         320        58.2     77.2715     5.49828
      163216         100     44853.8      2693.4       318.6     140.784     8.45386
----------------------------------------------------------------------------------------------------
      176400           1       499.4        89.4          29     17.2207     3.08276
      176400           5      2414.8       205.2        46.8     51.5983     4.38462
      176400          10      4966.6       345.4          64     77.6031     5.39687
      176400         100     48690.8      2907.2       343.6     141.708       8.461
----------------------------------------------------------------------------------------------------
      190096           1       546.6        95.4        31.6     17.2975     3.01899
      190096           5      2624.2       220.8        50.4     52.0675     4.38095
      190096          10        5212       373.6        68.8     75.7558     5.43023
      190096         100       52236      3097.2       371.4     140.646     8.33926
----------------------------------------------------------------------------------------------------
      204304           1         566       104.6        34.8     16.2644     3.00575
      204304           5      2825.2       236.8        54.4     51.9338     4.35294
      204304          10      5704.6         403        74.4     76.6747     5.41667
      204304         100     56483.2        3443       402.6     140.296     8.55191
----------------------------------------------------------------------------------------------------
      219024           1       611.6         113          38     16.0947     2.97368
      219024           5      3062.2       251.4        59.8     51.2074     4.20401
      219024          10      6120.8       424.6        78.2     78.2711     5.42967
      219024         100     60876.2      3628.6       431.8     140.982     8.40343
----------------------------------------------------------------------------------------------------
      234256           1         651       120.2        41.6      15.649     2.88942
      234256           5      3238.2       271.8        61.6     52.5682     4.41234
      234256          10      6475.8       461.2        82.6     78.3995     5.58354
      234256         100     65095.6        3884         461     141.205     8.42516
----------------------------------------------------------------------------------------------------
      250000           1         699       127.2        41.4     16.8841     3.07246
      250000           5      3444.2         287        67.4     51.1009     4.25816
      250000          10      6932.4       487.4        88.6     78.2438     5.50113
      250000         100     67441.4      4166.2         495     136.245     8.41657
----------------------------------------------------------------------------------------------------
