Running jacobi_stencil using 1 cores
    # blocks      Repeat      OpenMP         TBB    Taskflow    speedup1    speedup2
====================================================================================================
          16           1           0           0           0        -nan        -nan
          16           5           0           0           0        -nan        -nan
          16          10           0           0           0        -nan        -nan
          16         100         4.8           0           0         inf        -nan
----------------------------------------------------------------------------------------------------
         400           1           0           0           0        -nan        -nan
         400           5           0           0           0        -nan        -nan
         400          10           2           0           0         inf        -nan
         400         100       208.6           2           1       208.6           2
----------------------------------------------------------------------------------------------------
        1296           1           0           0           0        -nan        -nan
        1296           5         1.2           0           0         inf        -nan
        1296          10           5           1           0         inf         inf
        1296         100      1250.8           7           4       312.7        1.75
----------------------------------------------------------------------------------------------------
        2704           1           0         0.4           0        -nan         inf
        2704           5           4           1           0         inf         inf
        2704          10          13           2           1          13           2
        2704         100      3368.6          15           9     374.289     1.66667
----------------------------------------------------------------------------------------------------
        4624           1           1           1           0         inf         inf
        4624           5           7           2           1           7           2
        4624          10          25           4           2        12.5           2
        4624         100        6158          28          21     293.238     1.33333
----------------------------------------------------------------------------------------------------
        7056           1           1           2         0.2           5          10
        7056           5        11.4         3.8           2         5.7         1.9
        7056          10          45           6           4       11.25         1.5
        7056         100      9656.6        43.4        34.8     277.489     1.24713
----------------------------------------------------------------------------------------------------
       10000           1           2           3           1           2           3
       10000           5          19           5           3     6.33333     1.66667
       10000          10        75.4         8.4         5.8          13     1.44828
       10000         100     13934.2        61.2          50     278.684       1.224
----------------------------------------------------------------------------------------------------
       13456           1           3           4           1           3           4
       13456           5        27.6           7         4.6           6     1.52174
       13456          10         111        11.8           8      13.875       1.475
       13456         100     18934.6          82        67.4     280.929     1.21662
----------------------------------------------------------------------------------------------------
       17424           1           4           5           2           2         2.5
       17424           5        40.2          10           6         6.7     1.66667
       17424          10       166.2          15          10       16.62         1.5
       17424         100       24693       106.4        88.6     278.702      1.2009
----------------------------------------------------------------------------------------------------
       21904           1         5.2         6.2           3     1.73333     2.06667
       21904           5          55        12.8         7.6     7.23684     1.68421
       21904          10         229        19.2          13     17.6154     1.47692
       21904         100     31376.6         133       112.6     278.655     1.18117
----------------------------------------------------------------------------------------------------
       26896           1         7.4           8         3.8     1.94737     2.10526
       26896           5        67.8        15.8         9.8     6.91837     1.61224
       26896          10       274.8        23.6        16.6     16.5542     1.42169
       26896         100       38632       163.8       139.6     276.734     1.17335
----------------------------------------------------------------------------------------------------
       32400           1         9.2          10           5        1.84           2
       32400           5        88.2        19.2          12        7.35         1.6
       32400          10       355.4        28.6        20.4     17.4216     1.40196
       32400         100     46591.4       198.2       169.2     275.363     1.17139
----------------------------------------------------------------------------------------------------
       38416           1        11.4          12           6         1.9           2
       38416           5       109.8        23.4        15.4     7.12987     1.51948
       38416          10       442.6        34.6          26     17.0231     1.33077
       38416         100       55794       238.2       206.4      270.32     1.15407
----------------------------------------------------------------------------------------------------
       44944           1          14          14         7.6     1.84211     1.84211
       44944           5       140.8        27.2        19.8     7.11111     1.37374
       44944          10       548.4          41          33     16.6182     1.24242
       44944         100     65493.6       282.4       257.4     254.443     1.09713
----------------------------------------------------------------------------------------------------
       51984           1        18.6          17           9     2.06667     1.88889
       51984           5       154.2        32.2        23.4     6.58974     1.37607
       51984          10       609.4        47.8        39.4      15.467      1.2132
       51984         100     76675.8         329       298.8     256.612     1.10107
----------------------------------------------------------------------------------------------------
       59536           1          21        19.8        11.2       1.875     1.76786
       59536           5       182.4          37        28.6     6.37762     1.29371
       59536          10       721.2        56.2        47.8     15.0879     1.17573
       59536         100     87976.8       389.4       376.8     233.484     1.03344
----------------------------------------------------------------------------------------------------
       67600           1          24        22.2        13.4     1.79104     1.65672
       67600           5         215        42.2        34.8     6.17816     1.21264
       67600          10       849.4        65.2          59     14.3966     1.10508
       67600         100      100276       453.8       461.4     217.329    0.983528
----------------------------------------------------------------------------------------------------
       76176           1        27.2          26        15.4     1.76623     1.68831
       76176           5       249.6          49        39.6     6.30303     1.23737
       76176          10       977.4        74.6        67.6     14.4586     1.10355
       76176         100      113786       531.4       537.6     211.655    0.988467
----------------------------------------------------------------------------------------------------
       85264           1        30.4        29.2        18.2     1.67033      1.6044
       85264           5         289          56          46     6.28261     1.21739
       85264          10      1122.6        85.8        78.6     14.2824      1.0916
       85264         100      128506       613.2       647.6     198.434    0.946881
----------------------------------------------------------------------------------------------------
       94864           1        34.2          33        20.4     1.67647     1.61765
       94864           5       335.8        63.8        51.8     6.48263     1.23166
       94864          10      1287.8        99.8        89.2     14.4372     1.11883
       94864         100      143763         719       751.4     191.326     0.95688
----------------------------------------------------------------------------------------------------
      104976           1        42.8          37        22.8     1.87719     1.62281
      104976           5       345.8        72.2        59.2     5.84122     1.21959
      104976          10      1344.2       112.6         103     13.0505      1.0932
      104976         100      159439         830         885     180.157    0.937853
----------------------------------------------------------------------------------------------------
      115600           1        46.4          41        24.8     1.87097     1.65323
      115600           5       390.8          80        65.8     5.93921     1.21581
      115600          10      1509.4       126.6         114     13.2404     1.11053
      115600         100      175357       947.4       997.4     175.814     0.94987
----------------------------------------------------------------------------------------------------
      126736           1        50.2          45        27.8     1.80576     1.61871
      126736           5       436.6        87.4        73.4     5.94823     1.19074
      126736          10        1691       139.6         128     13.2109     1.09062
      126736         100      193585      1064.2      1120.6     172.751     0.94967
----------------------------------------------------------------------------------------------------
      138384           1        54.8        49.2        30.8     1.77922      1.5974
      138384           5         490        96.6        82.8     5.91787     1.16667
      138384          10      1886.2       155.4       142.8     13.2087     1.08824
      138384         100      212357        1195      1278.6     166.086    0.934616
----------------------------------------------------------------------------------------------------
      150544           1        59.2        53.8        33.8     1.75148     1.59172
      150544           5       547.2       106.6        89.4     6.12081     1.19239
      150544          10      2084.4       172.4       155.8     13.3787     1.10655
      150544         100      231943      1334.6      1402.8     165.343    0.951383
----------------------------------------------------------------------------------------------------
      163216           1          64        58.4        36.8     1.73913     1.58696
      163216           5       603.8         117        98.4     6.13618     1.18902
      163216          10      2289.6       190.6       170.4     13.4366     1.11854
      163216         100      252062      1476.2      1554.8     162.118    0.949447
----------------------------------------------------------------------------------------------------
      176400           1          70        63.2        40.2     1.74129     1.57214
      176400           5       670.4         130       105.4     6.36053      1.2334
      176400          10        2517         209       188.6     13.3457     1.10817
      176400         100      275414      1626.6      1728.4     159.346    0.941102
----------------------------------------------------------------------------------------------------
      190096           1        75.8          70          42     1.80476     1.66667
      190096           5       746.2       137.6         116     6.43276     1.18621
      190096          10      2763.6       224.8       203.6     13.5737     1.10413
      190096         100      296861      1783.4      1869.2     158.817    0.954098
----------------------------------------------------------------------------------------------------
      204304           1          96        74.6        47.2      2.0339     1.58051
      204304           5       748.6       152.2       127.8     5.85759     1.19092
      204304          10      2813.8       248.4         225     12.5058       1.104
      204304         100      318493        1988      2070.4     153.832    0.960201
----------------------------------------------------------------------------------------------------
      219024           1         102        79.8          51           2     1.56471
      219024           5         813       161.6       137.8     5.89985     1.17271
      219024          10        3057       263.2       244.8     12.4877     1.07516
      219024         100      343624      2126.4        2242     153.267    0.948439
----------------------------------------------------------------------------------------------------
      234256           1       107.2          85        54.6     1.96337     1.55678
      234256           5       885.6       176.2       148.4     5.96765     1.18733
      234256          10      3312.6       285.8       265.4     12.4815     1.07687
      234256         100      373150      2312.6      2455.8     151.946    0.941689
----------------------------------------------------------------------------------------------------
      250000           1       113.6          91        58.8     1.93197     1.54762
      250000           5       968.4       188.2       157.8     6.13688     1.19265
      250000          10      3588.8         302       287.2     12.4958     1.05153
      250000         100      399651      2451.6      2657.8     150.369    0.922417
----------------------------------------------------------------------------------------------------
