Running jacobi_stencil using 13 cores
    # blocks      Repeat      OpenMP         TBB    Taskflow    speedup1    speedup2
====================================================================================================
          16           1         4.6           0         6.4     0.71875           0
          16           5           0           0         1.8           0           0
          16          10           0           0           1           0           0
          16         100         5.2           0         2.6           2           0
----------------------------------------------------------------------------------------------------
         400           1           1           0         0.6     1.66667           0
         400           5           7           0         5.2     1.34615           0
         400          10        14.6           0          10        1.46           0
         400         100       149.8           3           6     24.9667         0.5
----------------------------------------------------------------------------------------------------
        1296           1         4.2         0.4         3.2      1.3125       0.125
        1296           5          24         0.8        11.2     2.14286   0.0714286
        1296          10        48.6           1         7.6     6.39474    0.131579
        1296         100       489.6           9           7     69.9429     1.28571
----------------------------------------------------------------------------------------------------
        2704           1          10           1         9.6     1.04167    0.104167
        2704           5        50.4         1.2         8.6     5.86047    0.139535
        2704          10       100.8         2.4           8        12.6         0.3
        2704         100        1016        31.2         8.2     123.902     3.80488
----------------------------------------------------------------------------------------------------
        4624           1        16.8         1.2           8         2.1        0.15
        4624           5        86.8           3           7        12.4    0.428571
        4624          10         174           4         6.6     26.3636    0.606061
        4624         100      1754.4        63.8        13.2     132.909     4.83333
----------------------------------------------------------------------------------------------------
        7056           1        28.8         2.2         9.8     2.93878     0.22449
        7056           5       133.2           4         6.6     20.1818    0.606061
        7056          10       267.2           7         5.8      46.069      1.2069
        7056         100      2666.2         109        16.2      164.58      6.7284
----------------------------------------------------------------------------------------------------
       10000           1        37.4           4         8.6     4.34884    0.465116
       10000           5       187.8         6.2           6        31.3     1.03333
       10000          10       373.4          10         4.8     77.7917     2.08333
       10000         100      3769.8       158.8        23.2     162.491     6.84483
----------------------------------------------------------------------------------------------------
       13456           1        50.6         5.2         7.6     6.65789    0.684211
       13456           5       254.2           9           5       50.84         1.8
       13456          10       511.2          14         3.6         142     3.88889
       13456         100        5065       221.8        22.4     226.116     9.90179
----------------------------------------------------------------------------------------------------
       17424           1        67.8         6.6         5.8     11.6897     1.13793
       17424           5       330.6        11.8           3       110.2     3.93333
       17424          10       654.2        22.4           4      163.55         5.6
       17424         100        6548       289.6        27.2     240.735     10.6471
----------------------------------------------------------------------------------------------------
       21904           1        82.4         8.4         4.2      19.619           2
       21904           5       414.2          15           4      103.55        3.75
       21904          10       826.8        33.2         5.2         159     6.38462
       21904         100      8217.2         371          33     249.006     11.2424
----------------------------------------------------------------------------------------------------
       26896           1         101        10.4         3.2     31.5625        3.25
       26896           5       508.8          22           5      101.76         4.4
       26896          10        1017        45.6         7.2      141.25     6.33333
       26896         100     10046.4       455.4          46       218.4         9.9
----------------------------------------------------------------------------------------------------
       32400           1         121        13.4           4       30.25        3.35
       32400           5       610.6        31.4           6     101.767     5.23333
       32400          10      1218.6        59.6         8.8     138.477     6.77273
       32400         100       12220       554.6        53.8     227.138     10.3086
----------------------------------------------------------------------------------------------------
       38416           1       145.4        16.2           5       29.08        3.24
       38416           5       725.2        41.2         7.6     95.4211     5.42105
       38416          10      1459.4          73        10.8      135.13     6.75926
       38416         100     14509.6       656.6        62.2     233.273     10.5563
----------------------------------------------------------------------------------------------------
       44944           1       169.6        19.6           6     28.2667     3.26667
       44944           5       850.6        49.8           9     94.5111     5.53333
       44944          10      1677.2        87.2        11.6     144.586     7.51724
       44944         100     16676.4       782.8        66.4     251.151     11.7892
----------------------------------------------------------------------------------------------------
       51984           1       196.2        24.6         7.2       27.25     3.41667
       51984           5       987.8        59.2        10.4     94.9808     5.69231
       51984          10      1954.6       102.8        13.8     141.638     7.44928
       51984         100     19707.6       885.6        74.4     264.887     11.9032
----------------------------------------------------------------------------------------------------
       59536           1       226.2        29.4         8.6     26.3023      3.4186
       59536           5      1108.8        69.6        11.6     95.5862           6
       59536          10      2249.6       120.6        15.4     146.078     7.83117
       59536         100       22593      1010.2        75.2     300.439     13.4335
----------------------------------------------------------------------------------------------------
       67600           1       258.6        32.8          10       25.86        3.28
       67600           5      1279.6        78.4        13.4     95.4925     5.85075
       67600          10      2565.8       135.4        17.8     144.146     7.60674
       67600         100     25478.6      1151.4        83.4     305.499     13.8058
----------------------------------------------------------------------------------------------------
       76176           1       288.6        37.6          11     26.2364     3.41818
       76176           5      1435.8        87.8        15.6     92.0385     5.62821
       76176          10      2858.6       153.4        20.2     141.515     7.59406
       76176         100     28872.6      1292.6        91.2     316.586     14.1732
----------------------------------------------------------------------------------------------------
       85264           1       324.6        42.4        12.6     25.7619     3.36508
       85264           5      1618.8         100          17     95.2235     5.88235
       85264          10        3233       171.4          23     140.565     7.45217
       85264         100     32062.2      1453.2         107     299.647     13.5813
----------------------------------------------------------------------------------------------------
       94864           1         356          47        14.2     25.0704     3.30986
       94864           5      1782.2         111        19.8     90.0101     5.60606
       94864          10        3565       191.2        26.4     135.038     7.24242
       94864         100     35797.2      1641.4       119.2     300.312     13.7701
----------------------------------------------------------------------------------------------------
      104976           1         399        53.2        15.8     25.2532     3.36709
      104976           5      1977.6       123.2        22.8     86.7368     5.40351
      104976          10      3960.2       213.2        29.8     132.893     7.15436
      104976         100     39900.2        1778       136.4     292.523     13.0352
----------------------------------------------------------------------------------------------------
      115600           1       437.2        60.6        17.8     24.5618     3.40449
      115600           5      2167.2         138        25.4     85.3228     5.43307
      115600          10      4330.4       238.4        33.6     128.881     7.09524
      115600         100       43492      1999.2       157.8     275.615     12.6692
----------------------------------------------------------------------------------------------------
      126736           1         483        64.6        19.6     24.6429     3.29592
      126736           5      2397.2       151.6        28.6     83.8182      5.3007
      126736          10      4782.8       260.8        36.6     130.678     7.12568
      126736         100     47819.4        2209       176.2     271.393     12.5369
----------------------------------------------------------------------------------------------------
      138384           1       526.4        70.8        21.4     24.5981     3.30841
      138384           5      2625.6       164.6        31.6     83.0886     5.20886
      138384          10      5245.6         283          41     127.941     6.90244
      138384         100     52128.8      2392.6         195     267.327     12.2697
----------------------------------------------------------------------------------------------------
      150544           1       570.2        78.8        23.8      23.958     3.31092
      150544           5        2854         181        35.2     81.0795     5.14205
      150544          10      5704.2       307.6          46     124.004     6.68696
      150544         100       56728      2600.4       213.6     265.581     12.1742
----------------------------------------------------------------------------------------------------
      163216           1       624.4        85.2        26.2     23.8321     3.25191
      163216           5      3094.2         197        39.2     78.9337     5.02551
      163216          10      6155.2       340.2          49     125.616     6.94286
      163216         100       62188        2782       233.2     266.672     11.9297
----------------------------------------------------------------------------------------------------
      176400           1         675        94.6        28.2     23.9362     3.35461
      176400           5      3342.8       213.6        43.4      77.023     4.92166
      176400          10      6635.2         361        55.6     119.338     6.49281
      176400         100     66860.4      3033.6       268.2     249.293      11.311
----------------------------------------------------------------------------------------------------
      190096           1       721.6       100.4        30.6     23.5817     3.28105
      190096           5      3596.8       229.6        46.4     77.5172     4.94828
      190096          10      7187.6       389.2        60.8     118.217     6.40132
      190096         100     72182.8        3253         290     248.906     11.2172
----------------------------------------------------------------------------------------------------
      204304           1         783       107.8        33.2     23.5843     3.24699
      204304           5      3887.4       243.2        50.4      77.131      4.8254
      204304          10      7605.6       418.2        64.6     117.734     6.47368
      204304         100       77186      3503.2       316.6     243.797     11.0651
----------------------------------------------------------------------------------------------------
      219024           1       833.8       114.4        36.6     22.7814     3.12568
      219024           5        4147       263.6        54.8     75.6752     4.81022
      219024          10      8240.6       446.2        70.2     117.387     6.35613
      219024         100     82938.2      3745.8       336.4     246.546      11.135
----------------------------------------------------------------------------------------------------
      234256           1       887.8         122        39.8     22.3065     3.06533
      234256           5        4364       277.6        57.6     75.7639     4.81944
      234256          10      8740.4       480.2        73.2     119.404     6.56011
      234256         100     88205.8      4075.6       359.8     245.152     11.3274
----------------------------------------------------------------------------------------------------
      250000           1         937       130.4        41.8     22.4163     3.11962
      250000           5        4695       301.2          60       78.25        5.02
      250000          10      9494.8       499.6        74.8     126.936     6.67914
      250000         100     92807.2      4298.4       361.2     256.941     11.9003
----------------------------------------------------------------------------------------------------
