      250000         100      399651      2451.6      2657.8     150.369    0.922417
      250000         100     21082.6      3334.6      1414.8     14.9015     2.35694
      250000         100     28117.6      3474.6       990.6     28.3844     3.50757
      250000         100       30560      3671.6       775.8     39.3916     4.73266
      250000         100     36241.2      3647.4       660.6      54.861     5.52134
      250000         100     40681.6      3831.4       573.6     70.9233     6.67957
      250000         100       46794      3707.8       544.8     85.8921      6.8058
      250000         100     53957.2      3859.2       483.2     111.666     7.98675
      250000         100     62581.2      4135.2       494.6     126.529      8.3607
      250000         100     67441.4      4166.2         495     136.245     8.41657
      250000         100     76175.6      4094.8       416.4     182.939     9.83381
      250000         100     85531.6      4218.8       368.2     232.297     11.4579
      250000         100     92807.2      4298.4       361.2     256.941     11.9003
      250000         100      101325        4322       385.4      262.91     11.2143
